5000
24.844706
13.477333
-0.292054
-10.946499
19.562672
18.366552
4.226420
7.704942
12.300928
13.746455
16.124772
18.037105
-9.498064
-9.856335
19.067986
-9.221852
25.664408
3.646598
5.944484
-11.684931
1.592477
24.828391
-6.550150
4.095707
6.607127
5.250851
7.854335
3.295645
6.481603
23.224064
0.080599
10.273949
10.325491
3.513531
5.444655
9.396742
20.139598
-0.255984
7.735107
7.013683
18.384958
9.534001
2.963778
13.540220
9.981533
13.115460
9.705165
4.884205
-1.434509
-6.932238
8.425516
17.586027
-5.489976
4.965929
-0.290536
2.427160
11.526815
10.085473
12.882908
-1.298628
3.976082
-2.587266
6.775364
4.257805
5.492825
-1.665470
13.345173
19.453801
4.366873
0.056393
-4.508967
-1.399761
3.785063
1.619264
-9.146043
-8.928723
11.043890
8.034350
9.586203
-12.000404
19.280595
21.430769
15.378461
5.733208
-0.033792
-6.978832
1.361463
-3.865478
-11.849816
-8.322175
-3.503298
-3.692438
11.120420
9.020300
16.650626
0.681417
29.323972
4.103870
5.976780
14.503909
6.580684
5.888144
1.023533
8.657256
12.117764
-0.191027
6.423526
-3.237243
8.800068
-11.384169
7.345473
1.310169
-3.564579
-7.891835
10.677000
-1.678555
-3.550353
-4.355838
-9.310486
-2.293751
21.603837
8.517539
14.611020
-0.218310
11.760049
1.073471
12.544211
-2.743092
-9.624850
-1.799709
12.682368
-0.236609
9.297763
-4.993005
-8.830162
8.185872
-18.303803
6.437613
11.205836
-4.745060
3.822421
12.394430
11.450484
18.307289
2.891056
12.298104
4.209259
1.168439
11.747031
-8.322435
0.308076
10.791055
0.252189
-0.954675
-1.397896
-7.832373
-4.976892
1.352718
-7.580156
19.535511
18.429323
10.752979
7.276329
0.663329
12.499300
-2.309294
15.393606
-9.850087
17.939592
-14.892020
9.600364
-1.356316
0.174373
11.026193
12.366212
-11.637534
7.729261
1.864189
9.216448
12.868249
5.331589
14.981568
34.116458
-1.739103
18.007768
14.925634
-5.622664
34.037042
9.477525
-1.933024
-21.685072
24.616085
19.446804
6.117472
-11.295140
7.424063
22.800111
-6.903894
-5.960041
-9.301185
16.523024
0.177097
-13.098864
11.709232
-13.689859
-8.040644
5.670554
-9.552022
-10.519331
10.260829
9.214944
6.815369
20.120026
14.311210
11.092922
5.357432
-2.989438
-8.354449
0.514030
0.992729
-5.742552
-0.412660
10.163427
-0.107620
-3.884321
5.098416
13.419672
15.436862
15.601595
18.168429
5.868528
1.096486
-13.722826
9.404361
-4.161425
7.660754
11.726965
-16.057365
11.560360
8.118998
11.128599
7.159213
-3.003422
14.872285
-1.184528
3.103559
3.000772
15.646426
6.732461
3.093503
17.722493
7.067338
5.288218
14.387425
9.032395
18.803577
-5.937104
46.043536
8.034220
-14.123379
0.901824
5.505509
15.923201
-5.729448
21.974018
-12.558707
14.228944
5.226024
10.218324
12.026431
5.597575
-0.143824
10.751727
-7.461236
13.028951
10.063540
5.829756
-12.216257
9.143368
19.542997
-2.468230
-4.463027
19.169470
-7.099060
3.442912
15.695350
13.236924
5.558001
26.471470
21.926811
3.094821
3.840713
15.391448
-18.237518
-11.764752
24.683663
5.833867
4.634069
-8.158029
-5.469339
6.264124
10.013055
3.989573
13.381890
-6.945370
2.985330
15.078640
4.580016
2.547093
-0.161193
1.348150
-12.171263
6.992539
-0.864352
3.010733
7.330562
14.492410
4.606987
-10.269352
8.149617
-7.722602
31.548448
3.023866
-11.688632
16.904500
-1.255186
10.230940
-15.220073
13.835022
3.186469
-6.242008
-0.980723
1.187357
16.545812
5.193822
5.453597
-8.168548
-5.848158
24.037246
-4.408803
34.766315
15.696118
-0.778152
4.339554
6.783597
2.381357
-12.002162
7.058393
9.419798
20.262867
16.834986
12.516054
4.516913
2.621146
8.568761
-12.816007
11.141115
2.410645
5.015787
-15.084705
-1.162591
6.962444
30.756035
-1.929283
13.134963
9.950087
-17.466190
3.086516
-0.841777
-3.320340
-1.584397
19.999651
-0.553658
-0.045954
9.638724
6.021934
-7.457556
6.435480
7.323128
1.443400
11.221065
-9.931487
-4.880419
-15.606735
4.251155
2.232457
5.095522
-9.366875
5.619344
-7.193298
13.479465
3.748939
7.681507
7.478093
10.799005
2.108672
-3.156710
-3.863400
9.338620
7.626938
-17.865386
15.725433
4.967990
20.396210
-4.397772
11.915252
-9.250877
7.376503
-11.412264
-5.415993
12.313121
-0.030947
16.076385
4.355337
0.601942
-16.985528
-5.301835
-12.010175
20.586328
2.139968
8.844526
12.862339
5.628705
1.885489
11.486812
5.968159
5.719922
6.245786
6.221186
-11.464693
1.224289
28.713627
5.495867
-18.203109
2.155914
12.825494
9.818075
4.929641
4.589519
-7.053145
1.817864
-3.747983
0.427653
13.687702
-12.363262
-2.448720
2.379967
12.471556
5.196858
-8.010294
3.727039
20.441467
-15.338463
2.833398
5.850753
-14.929148
19.165506
5.858211
8.934185
-3.496481
-3.829815
21.662669
-1.568233
22.993536
10.774695
-1.799977
7.571551
-5.571903
-16.442543
1.880183
-4.668515
-10.306045
-4.490809
15.374661
2.698436
-5.561852
11.120710
9.384617
15.916564
1.153000
4.391633
11.671765
20.305386
4.778430
17.263400
11.626604
-1.343711
5.886113
32.871348
1.176208
3.453899
7.419529
-2.541085
5.100764
7.078123
-19.586311
18.322011
-0.009492
3.633288
11.121539
-5.361990
-2.801851
8.079155
24.798856
5.535931
4.947750
24.858274
6.069233
1.275102
-3.994382
9.050855
-5.927540
-11.273512
8.227094
-2.799199
11.050884
-0.430797
2.408048
27.271843
7.831476
2.251424
9.881557
1.292766
-9.791373
8.582032
6.577326
-3.626386
10.385730
-9.623761
9.601613
15.848940
17.330895
-2.872873
13.478786
13.603680
11.411496
2.141359
0.656970
23.461223
13.049390
1.210058
-1.711529
-13.511575
-9.808711
1.266521
-10.164515
7.393051
0.117135
24.082156
5.731358
-5.086842
-7.250900
3.271635
10.797742
15.635296
-1.299288
2.122938
-1.367065
7.735469
-0.917493
-4.433912
2.763870
10.952235
25.862713
9.322177
6.119256
28.801442
2.539465
9.451142
-5.295939
0.382866
5.106388
-1.863467
13.213467
17.692532
-5.631269
10.765783
10.762249
8.127945
13.212607
-2.799519
9.964801
-9.372592
-2.305098
5.955606
-21.852028
2.088814
20.457866
-0.458552
3.750054
2.876352
0.558078
0.868952
14.117378
12.210953
11.634682
13.233416
-5.693835
10.872264
2.529775
2.817203
-9.697066
16.593512
18.142382
5.979325
-9.052621
-3.987700
-1.308616
-6.967377
19.668006
-4.583531
-9.882268
10.012357
3.501871
-5.214614
4.107206
11.393797
13.477226
4.259185
-4.365855
16.250085
-7.258998
26.243348
15.636883
9.482510
-8.590547
2.083959
10.748818
4.243310
16.713481
1.191573
5.858830
9.332300
17.099362
-2.659558
30.613481
-2.184956
10.114680
-6.238739
1.792126
4.246120
-13.276004
-1.286511
-1.479571
-3.519294
7.250455
-8.252811
-6.777733
17.017385
13.176807
-5.253362
12.348103
5.657586
3.453707
-1.066515
6.146380
-6.285831
23.936220
8.440844
33.823131
8.770136
10.682077
-2.813232
1.390003
1.758711
1.369389
-0.892962
2.513704
5.196102
1.177331
5.995342
10.555467
17.054652
9.615446
11.109162
-11.059736
8.514447
-9.651521
32.516925
-2.097108
37.514004
19.110539
-6.121888
-3.505343
15.580904
3.684624
8.651335
9.671685
12.507464
1.700766
20.950200
14.504770
10.729837
16.393840
10.967397
-4.240946
19.788850
9.490003
0.642198
-0.807210
-2.800444
2.118512
9.928362
4.981833
20.559202
10.129893
5.835020
-9.438920
8.406670
14.565708
-25.055281
-2.183779
16.014757
13.776705
27.464394
-6.489734
-9.810099
-2.671849
0.413336
-4.351838
15.804736
-6.926214
16.517672
12.428641
12.722646
-0.398735
11.205893
-12.031897
11.705315
-4.066875
12.623304
13.488661
-5.385012
-2.298784
-9.015034
0.310904
13.410316
-6.710120
11.046328
5.555496
-5.531531
-4.624018
2.928216
-13.920242
-4.350239
18.670895
24.153404
10.497481
8.301093
5.238743
19.780578
9.935070
13.888592
-14.215686
17.860709
8.259916
10.965839
11.378894
30.509699
8.033777
7.585062
7.479079
-4.652152
1.540273
9.332527
-1.518526
27.894855
8.028050
-7.738026
-0.600844
1.407533
-11.000062
-6.366382
-0.451723
19.939979
7.395101
19.430221
12.599690
12.092963
-1.789081
19.045763
2.453855
-7.267016
30.926888
15.500016
11.535374
12.236375
12.728329
-2.888350
7.195766
-6.198236
-2.997822
8.112166
13.832647
2.484327
11.779571
14.759414
26.170650
11.703579
-1.254787
4.711309
16.767996
-4.450616
13.156207
4.085999
8.135160
32.393067
-11.678388
18.589488
14.344139
-3.436777
27.456668
3.969937
-15.140520
15.539407
-17.298837
10.443253
12.133698
-0.654977
7.385628
-0.951767
9.972456
-1.716883
28.605219
-10.086689
-7.694824
1.748661
-2.893327
7.228724
3.322627
16.367316
-15.303935
-6.984341
-11.042173
-4.476929
6.202343
-5.763197
16.989060
10.014648
6.678933
15.276601
8.148147
17.459385
-0.772867
-5.602433
-5.917152
24.046587
-4.143796
16.759270
6.867945
-5.499862
1.028277
-10.288650
22.353848
1.346272
14.798228
4.611513
15.728361
11.525066
3.575310
8.959239
11.595655
6.632115
13.538110
24.767438
-22.360415
-1.284039
16.899456
10.778806
5.691937
-11.140831
9.405529
6.352889
7.958757
10.064764
10.371392
11.540864
-7.164426
10.509818
19.697888
2.741239
3.017475
-6.416683
9.605504
10.831549
-7.824751
1.052080
23.920497
-7.457319
27.043245
11.803824
10.305092
-9.928285
10.676519
-7.550255
13.455686
5.010509
-0.164844
2.673331
13.649094
21.649712
-1.135064
15.174178
-5.960574
-0.888847
12.253735
8.023716
5.333978
-7.242286
18.008262
-2.795622
7.165104
-3.654890
-7.668155
16.334364
-2.982739
10.596733
11.440675
-0.705109
-9.974801
21.746035
2.278334
16.972881
14.916946
17.694517
-8.319444
10.876190
-3.260601
0.506458
17.498736
10.104829
9.071284
19.593759
-11.955719
15.779619
1.114755
10.257644
-1.964561
22.427054
10.661601
6.381669
-0.765372
14.747620
9.860049
-15.116743
14.945452
17.893642
-15.197615
15.907302
-3.175403
-8.240534
17.689579
-12.628828
11.021252
-9.099266
8.001881
8.218839
2.717436
-4.681611
4.171511
17.792505
6.396151
8.999425
-10.697045
0.756876
18.074514
4.895390
-5.549522
0.333851
-3.440242
0.249096
-2.546937
16.991101
15.125535
-1.172363
-0.995339
-7.673505
11.889543
-19.214353
13.981112
25.411728
25.609528
8.622273
-10.290345
-1.714995
4.796707
-3.116249
-9.527392
6.298563
-0.122918
-17.174660
10.096317
15.024666
-5.349676
1.278031
11.565101
-7.011719
7.853136
1.043580
0.777607
15.200211
-9.932845
3.618931
-3.154570
10.918794
6.885967
-1.073943
15.068813
9.565773
9.508026
6.844185
9.947890
-5.468746
18.171996
-0.295383
17.659120
12.701211
21.862581
3.182367
-5.630756
3.090534
-8.571565
-0.781169
19.637404
-8.006923
5.565685
-16.318157
9.689378
10.808395
6.752107
-4.871437
20.994691
17.235875
6.750506
-10.485977
6.605716
14.039365
12.227847
2.647569
5.215033
-1.257028
14.134028
4.975443
-8.795108
-6.362891
0.909369
-0.461395
16.762308
20.294976
-0.908464
2.496434
13.914354
20.854200
16.515164
9.321820
6.511792
-0.245290
3.250039
-9.256147
3.013791
9.040605
7.051762
0.066328
1.978941
-7.395333
23.411592
-2.684191
-2.233227
21.108881
-5.398944
8.700983
9.972372
-4.375282
-2.865488
5.018121
-9.262909
-0.268474
-4.917330
17.630627
7.407124
9.407505
6.204006
2.507299
-7.924233
9.854191
-0.318928
-6.353025
12.454867
-1.791234
2.966562
-3.439791
12.568376
9.762238
-4.082524
14.754469
-3.099085
7.825601
-9.623871
1.664545
-4.492936
-5.194222
-2.293073
-2.174545
-2.888104
-9.186779
9.109951
2.209340
6.526196
1.882444
-4.388623
17.701012
-7.783419
1.533861
-5.682426
-6.941642
8.468451
3.644584
0.877910
1.441458
-8.024495
5.657539
-14.259479
9.996433
-3.064808
21.103015
2.658528
18.290750
12.445013
-4.243339
9.157104
5.800990
-2.589937
14.925973
1.370628
22.940002
7.862547
-9.366596
6.256572
-0.425992
6.215204
10.136204
-6.193159
-14.044649
11.759100
10.092764
-7.157645
21.827831
-3.838715
6.192495
3.748484
-3.640443
-10.175210
-17.351961
19.951533
-3.248943
8.523137
19.772421
16.037501
15.941745
5.705706
15.635065
22.660939
1.639054
29.904462
-3.191928
12.715288
10.335882
7.920761
14.967747
31.006236
0.090084
0.920332
10.665542
-3.916163
4.156521
5.140424
-3.993042
-6.024590
19.651355
9.639158
-5.683784
3.952988
11.650896
9.790119
11.323665
14.922100
5.206963
-10.845300
9.608086
22.519709
-3.924633
-13.104251
15.908236
12.161380
7.264967
-11.841260
23.810703
-0.335501
0.844102
-0.988909
21.202677
25.986045
-2.075156
6.760344
1.890042
4.313452
10.306750
3.190129
1.056506
6.550168
-4.702892
7.273882
-9.775442
20.475378
16.263583
20.119919
-1.395880
-11.709448
6.401914
21.410627
6.152771
8.808809
0.655532
30.998717
17.247259
12.377218
21.576399
22.705722
-1.279578
-6.299172
9.752164
2.480319
5.508011
8.684536
-18.008255
-3.675601
5.488951
-3.465542
5.968275
12.423827
-10.302327
9.325604
19.822744
15.547513
-2.330769
8.963812
11.232516
4.989696
-1.982755
0.027247
14.336176
5.054538
-0.078285
12.002406
2.934159
-4.813927
6.812967
-2.936341
18.191573
4.587454
-1.485765
5.297409
12.201152
5.037121
-5.101247
-2.619958
11.211138
17.067327
-1.275030
9.793233
-4.626845
0.610547
16.300724
11.805237
10.693684
-11.081894
-2.259424
10.407541
6.189272
0.193850
12.286794
8.299615
-7.050738
-6.509374
6.272401
8.234138
5.136788
-11.841433
15.006159
-8.480145
26.992358
25.533086
6.799257
-7.833791
19.648478
-17.458413
7.840946
1.157480
-0.333833
24.153765
19.045212
-7.159280
-1.819463
5.753193
-2.039485
-7.085574
-2.005800
8.328053
-9.509232
4.892940
7.994698
-1.680154
13.380647
-0.838363
-13.222083
-5.968918
5.950778
-0.845938
-1.610877
0.647603
12.342488
20.282116
5.517937
6.635226
4.463817
-13.850880
27.043445
-1.079373
-3.741859
-2.988985
3.672017
13.312588
6.067872
16.830292
3.506087
19.114726
-2.714359
-9.942733
-19.669136
15.370877
7.752380
11.945911
8.523046
1.880876
-5.982287
-1.459372
0.019479
-1.543923
5.503470
9.817195
20.540707
15.488485
-4.135902
-8.303170
3.702936
-18.437504
20.237649
11.397541
6.774919
-5.031409
0.966849
8.495216
19.956053
5.993227
8.669310
5.933842
-1.070378
14.501498
27.945576
1.282416
21.989123
5.375960
4.175124
4.563839
-5.967797
0.620096
20.094202
-10.522848
16.633239
6.827982
0.336706
17.625105
7.998543
0.161005
-7.820517
18.773117
1.211714
-5.963941
4.620709
8.720765
15.048507
7.980136
3.844132
26.348557
20.330486
1.805704
14.025930
7.133646
-8.746913
-0.101899
3.286786
7.891363
-6.999021
1.989429
-3.386841
15.524566
-1.186414
3.415942
12.638581
10.705774
5.469601
0.220143
-4.987667
9.542331
2.376125
10.106599
5.779109
-0.299997
22.105868
14.056228
13.060181
5.846282
-6.423029
7.473496
2.035722
-6.949814
0.975447
11.214153
-9.960207
-3.561238
-7.761132
15.521747
13.509174
26.417023
12.479719
16.632227
3.726891
-11.523161
4.070320
0.796893
14.165481
0.433681
11.793799
25.127843
2.693378
14.305901
9.753222
-1.737186
1.414340
13.527893
-0.048749
6.118660
-26.002962
0.240115
10.520573
-1.207264
-14.885634
8.328936
18.402910
-4.814866
-3.038393
-15.250391
-1.493655
9.575909
18.902768
11.894406
-11.075760
8.540721
14.501009
12.092115
15.261474
11.310489
-16.348478
16.608917
5.467109
20.037556
-0.906114
8.071553
1.772834
11.342803
-5.767307
6.367921
21.015619
-15.168314
30.186511
-9.320740
11.508035
-5.696814
13.260828
2.758103
1.918621
10.693588
-1.144698
2.919917
-3.753159
-11.351241
-0.148892
-5.206730
-2.143331
-6.645571
5.862156
-4.149537
-5.345815
-1.477833
0.698098
10.247371
-5.754476
2.088044
8.636227
0.335985
7.611755
0.113268
3.050003
-1.510952
13.291072
1.961584
4.710072
-7.265983
21.365920
-4.076827
4.474151
16.374108
-4.912227
-10.861898
10.779415
-1.387647
-17.626348
20.719145
13.137820
-5.508608
12.651841
-0.382093
2.333302
1.688304
-18.367628
23.429142
8.199375
0.453554
-1.970297
18.974593
-16.930981
15.350429
20.072512
-13.693234
5.569134
5.652506
3.867243
19.769337
1.747487
11.818514
0.772938
5.166627
13.789381
5.690050
10.712631
-16.764558
15.080832
4.580995
-16.756986
7.491963
5.326761
4.287702
9.907976
13.781457
6.345862
9.040365
6.180136
-0.615374
22.030724
-0.983275
7.305646
17.031201
-1.781829
5.159174
11.367308
-4.418146
23.286781
-9.778902
-17.439913
22.296152
8.392207
3.447824
3.836787
14.813526
1.347951
7.465906
6.283182
7.023402
18.768115
5.405350
13.605819
6.015659
10.069546
18.323530
-9.710815
11.514358
6.439751
13.874857
31.214739
1.285212
-11.336090
-9.476265
-12.534148
25.228101
4.495937
2.454416
-2.767116
12.153805
0.343613
7.329813
5.149083
16.914043
10.528900
14.124609
17.543003
-4.289866
-1.822327
7.032131
-13.840120
-3.819062
3.586691
18.225382
5.429537
2.331285
12.385252
-1.938260
19.057942
29.072432
17.017880
7.869303
12.372125
6.922620
-7.430382
10.482136
-4.768202
9.577053
7.717546
21.242564
-15.643918
12.436433
5.844876
15.619522
-9.946578
7.934011
10.034318
5.564150
-6.498748
10.434795
-0.451900
12.598206
-18.695749
-6.747070
-3.435250
2.775667
9.912401
4.955193
18.845157
5.574144
-11.448576
11.991199
12.951959
10.964726
4.086499
-8.334401
-12.113077
-2.516957
19.885181
6.837286
11.943151
18.182208
4.713996
19.816580
15.692862
0.313315
-0.676160
15.346525
-7.908390
-9.545876
12.174466
-3.382353
2.658408
7.145982
2.814562
6.897512
-8.044992
-4.127660
-7.694600
6.213109
6.644298
6.026742
8.400903
-0.832711
0.577990
4.607917
-8.453878
8.493310
-2.494598
9.144657
1.729836
15.619592
6.766726
4.163060
17.868218
-5.456703
0.586874
15.954763
6.684700
9.216193
2.352064
12.012994
-4.776476
-6.784090
7.514071
-1.415946
17.532598
14.958250
-10.290280
-3.700096
23.500026
19.688129
17.547615
17.421536
-12.148687
-6.707915
9.183298
21.378161
2.286814
10.374947
5.477302
-3.706116
3.377893
-5.055343
1.884865
19.353384
-1.579808
13.655989
-11.368322
38.956233
1.329493
-8.172431
-15.698544
1.036712
10.812354
13.107011
22.167422
18.523956
-4.765591
5.090298
13.304864
-2.370189
2.873890
4.925624
1.092779
4.335105
15.248260
-3.533634
-5.352982
-6.053773
4.528315
6.636120
15.127257
3.238682
5.009846
8.045616
12.113134
13.294876
5.246127
8.586699
-15.617165
9.606599
0.658758
6.709917
-5.464138
11.038560
-1.985994
10.256458
4.670256
1.821084
-9.357271
6.892365
2.380616
30.278808
7.637879
-4.316597
17.133420
-1.307393
11.761151
8.504789
6.521237
-4.787014
-12.312414
-1.246163
6.645481
7.661162
12.981795
11.292376
9.115734
1.202757
16.976548
1.791783
15.379724
5.109342
-4.554677
8.351532
11.200412
3.638614
1.470290
3.705558
2.432527
-4.782951
18.153906
5.790449
-8.320483
22.309615
7.085507
12.471259
18.812161
13.381643
-6.211275
4.195234
25.827514
-1.238458
21.555896
6.888482
-8.035898
11.363440
3.210601
17.390909
-7.506110
1.456748
-8.576404
0.897880
-11.635369
23.148029
3.233355
18.862824
3.935348
-1.194565
3.669972
2.455547
-15.534286
-12.126642
10.681768
6.306145
0.400202
15.559361
12.683821
0.704173
4.603878
7.876840
7.587275
9.419644
3.080615
-1.734245
5.611026
-0.252052
2.449987
-9.404665
28.108861
35.071857
-21.800242
-0.090267
-8.282399
11.910892
29.669222
32.619007
-2.471179
-2.582988
22.464494
7.351248
9.094208
9.768158
3.326939
12.454771
-12.302201
12.779872
-10.527644
2.650700
25.570578
13.748434
9.305461
21.029963
10.550377
18.205454
-13.977405
27.575307
15.109790
1.695396
-6.057411
0.484287
26.409116
-2.400911
-11.970183
-4.254960
-18.316240
2.523645
5.647457
6.269947
6.975096
7.021911
1.549952
7.926893
13.156569
16.697049
3.464031
7.019764
-12.683398
5.308387
10.017064
18.090689
1.949774
-1.083348
2.894810
0.582232
13.088080
5.797804
12.166324
5.826010
2.561784
8.620456
-7.273771
-0.526788
-10.459066
-19.992876
11.452695
5.525683
7.742452
-0.053961
0.584547
-0.944507
-7.408188
2.160335
8.110819
11.846127
5.065483
-0.548516
-4.166357
1.455429
5.339137
11.600908
-1.882540
3.406819
17.100717
9.605980
11.528960
8.918308
0.162212
-9.891471
-1.779267
-1.957067
-13.312185
14.992000
23.543358
15.701519
16.216878
8.307297
7.898820
4.091794
-9.655365
4.780160
22.248456
1.311168
18.213783
4.468274
-0.464290
0.919676
9.164809
-1.802017
1.987577
16.597315
2.062781
8.217243
16.899437
13.270142
0.668557
5.549902
4.728969
5.553559
14.186182
7.416927
-1.897695
7.641558
16.546357
-4.535263
29.612465
-2.633794
0.894342
17.023114
7.188899
-14.210134
-7.814542
12.154390
-1.318051
-3.268247
-14.890257
7.234668
-6.017356
7.026379
-20.928582
3.995931
20.874920
14.510080
-0.535062
5.528658
10.449715
-1.302159
5.966724
-9.273253
-0.474387
10.249961
-3.499456
13.435897
-11.518034
22.607142
1.299577
20.475380
4.504980
19.803017
5.937323
22.420745
2.803501
12.691137
-9.943797
2.309473
-1.056330
19.771999
9.772246
-4.922078
0.823625
3.001532
-6.249294
7.367334
26.985179
6.335229
-10.378729
-3.589695
29.252277
23.811435
14.192218
-5.084641
10.253056
6.480408
24.935881
-4.204663
10.429446
10.327763
-3.122821
2.079838
-14.557812
11.145181
7.337707
1.738694
21.080285
8.953034
-9.009655
12.126128
-1.569390
12.555576
-2.522559
-3.757885
-16.391585
-2.630412
-2.640315
9.833344
7.453366
5.720715
14.930331
-13.429004
17.489936
4.998966
5.149827
5.521665
12.947758
10.999036
-7.739866
23.319684
13.503869
-2.414496
5.156446
9.940912
0.767190
17.226933
16.843187
8.102212
-5.440922
0.371453
3.650950
14.804244
5.514338
9.051947
6.334407
13.597786
2.465501
11.444135
5.792387
13.358025
6.011279
17.110712
13.514826
5.271509
14.587417
13.721424
-14.927593
17.480061
22.857013
-6.756108
-1.327866
14.201912
8.964807
-0.706655
-1.335119
20.194724
-9.689064
-15.815112
1.170393
20.547408
15.724277
-14.823017
-5.336622
15.882838
10.687172
6.186379
12.422189
6.960273
0.981964
4.569085
4.596686
9.179822
6.678005
-17.392804
-0.067738
8.073989
1.911808
7.520022
14.888008
4.109302
9.894262
27.311531
22.933204
19.950866
8.948422
4.532644
3.298388
9.595795
1.394392
3.292770
-3.637398
-2.846197
2.148454
11.730766
15.774831
-5.572611
1.889023
10.602195
-0.684344
6.089679
9.388458
-8.057127
3.211525
0.940322
-0.724447
-5.574103
5.027990
-9.342231
-3.971449
3.309950
2.248625
0.876133
-3.332904
14.942775
14.941607
3.500247
5.675665
18.896741
2.146528
16.556954
2.730621
-3.296063
2.879944
18.331741
2.001639
0.174011
8.941348
2.482761
5.732400
5.214475
-0.840398
12.426491
5.472205
1.080971
23.702234
8.736191
2.323981
12.587400
15.161536
1.487867
12.431695
11.782306
8.682150
-13.275802
4.028524
20.382375
8.578137
10.172819
3.753094
0.084018
-10.590225
-0.393703
-8.819244
4.627564
3.671303
-6.638799
2.787021
10.118626
3.238965
-10.103821
-2.435863
2.831551
7.312197
11.089711
-13.366315
15.158742
16.858414
4.935183
26.469058
-7.176029
-4.371267
-4.548374
-0.007146
21.929115
17.722402
1.639864
11.065790
-2.261480
-15.781356
-16.055593
19.888373
-10.213361
20.242056
-14.281942
12.570476
4.746243
4.497963
-2.496612
-8.465666
3.943646
-17.462702
6.334914
23.956049
7.560443
0.346870
-1.754708
23.972837
1.964941
7.210644
8.482323
-0.105210
12.995458
4.850538
2.586049
4.694855
9.174609
3.578898
11.981972
10.043351
-7.847653
6.198827
-0.364207
1.691904
10.834277
6.270564
12.437167
8.141890
9.144814
29.599240
-2.580786
-4.266060
1.308866
-2.394194
3.386604
-0.275534
5.263108
21.915084
25.076257
-1.493680
-13.369710
0.561497
6.527828
-2.212899
-1.458916
11.698607
11.994789
15.241890
16.340056
2.425881
-8.836677
-4.653672
14.442219
-1.777171
-2.265899
3.109957
24.063390
11.785616
-5.239288
5.439884
-0.095805
-6.577402
27.861229
33.328520
15.584928
3.592170
17.165045
3.364731
11.601103
-4.665237
3.048805
-6.502283
2.490492
-4.944862
18.367056
-1.727084
3.736999
19.757852
-4.477257
3.262252
1.228087
5.771613
3.467606
0.427118
-7.168778
2.722403
8.689393
3.163941
13.895829
3.508216
-4.541559
7.815029
-4.767999
6.131549
5.530679
12.665661
3.533798
21.433355
-1.489177
16.434644
24.696154
8.266832
0.771572
17.364879
-3.470875
14.999692
21.121833
0.920938
6.337983
9.313011
1.204054
-1.923435
5.937160
-1.046800
6.692554
5.705451
5.326889
-8.977811
5.370405
-1.373331
5.182097
13.166506
10.398114
9.213703
2.445369
3.029920
2.608586
16.307111
14.527847
-3.048023
22.364661
-3.591469
17.791998
3.960096
-0.785555
6.228914
-10.118048
-2.010244
12.537188
5.666220
-3.555829
7.372997
1.238710
15.936104
-0.839093
-1.585517
-10.574120
-8.818076
7.372993
-3.012797
29.966320
-10.252765
8.730795
-0.994571
8.629995
18.882805
-6.704530
-27.720280
-1.236780
12.436902
4.839199
14.432718
-3.456278
-5.472641
1.168824
-3.100056
28.440754
2.827873
-13.413019
-2.450798
-11.515322
15.643487
4.155713
3.794169
-2.426260
11.340095
3.446198
-1.605373
11.679790
5.415394
2.013727
-7.079340
12.478897
6.501693
-9.454487
10.034427
-9.228662
-12.578078
20.656515
3.656974
18.043971
6.202979
-4.751082
10.509197
-8.832103
-6.427319
13.842980
22.369343
-2.648415
22.113626
-0.387732
-8.210449
-3.438807
6.683113
-0.541876
-10.756054
-28.910288
4.457135
28.211354
-9.541469
-10.258894
3.989255
4.786875
-8.253427
24.981400
-12.022014
-20.910733
-2.270993
17.295621
14.978870
16.631020
12.721971
8.261112
22.086330
11.250103
17.046213
16.650522
9.245633
-1.454922
-1.529743
21.956439
1.557912
-1.980033
10.146107
16.898419
17.364265
8.248079
12.813489
22.261276
3.904125
0.027470
-9.112443
9.782934
4.833721
13.948939
4.732901
-3.519272
-7.812468
6.679047
-0.030958
-5.557316
-11.058285
-1.137799
-6.566675
8.519310
24.751120
2.971017
14.217244
14.208423
8.490805
21.410981
15.995988
6.808132
4.640429
12.391793
5.783344
14.964381
-2.558135
3.352912
-21.404598
-11.222652
-20.010264
17.893942
11.278587
12.100993
24.513038
6.060607
6.258384
9.439018
2.106320
18.032709
4.077679
-6.661107
0.866340
12.467508
11.728883
26.160596
-7.316549
10.900746
6.646653
6.953277
16.187900
6.868985
0.312565
-10.097189
-2.757444
4.802329
8.689372
-6.903850
10.317961
16.321004
-12.679851
5.975089
24.655862
-7.263961
-5.174431
12.101350
-14.854316
-6.685631
3.094165
4.973678
10.304044
12.829416
-10.359355
2.167896
10.355564
1.605749
8.952893
-2.186113
3.923994
-4.773006
-0.283162
-17.186613
16.891757
16.472061
9.361480
18.160638
15.421719
2.776991
18.474787
-11.559726
0.950164
3.216571
-7.857410
4.628298
5.609692
21.082780
8.383336
-5.882926
16.780251
15.616165
-0.864854
11.522030
4.480200
21.293824
-14.697019
5.605355
6.210202
-16.104053
-9.242325
-1.481956
5.272454
-1.499240
-1.211792
2.270337
4.369537
4.975618
2.307522
15.449110
1.289116
7.211539
-0.674656
-2.052706
-18.143913
-1.691337
4.877953
12.409935
26.061537
14.394740
23.135430
1.027523
15.268852
24.692412
24.356781
24.482358
21.123818
11.907305
0.997769
-15.087982
0.502389
4.976501
1.484343
-5.869553
10.677045
7.845323
12.621564
-2.020372
2.443049
13.073294
-14.030973
5.335767
4.015326
18.025661
0.726813
14.853900
1.889157
3.391366
-0.313084
10.734176
-7.692366
8.867855
-11.189443
11.061356
13.311822
0.274252
-4.159443
-7.985950
9.208434
-8.048605
6.846048
7.907814
-2.896675
11.703360
7.357316
20.733246
28.648591
8.438587
8.241161
11.249550
5.422512
9.556209
-1.201656
6.495832
9.144333
-5.512840
15.975408
11.777225
7.806769
-23.318309
-8.254074
2.803973
-0.988747
-0.505461
23.139274
-1.569838
5.671720
-15.674975
-3.446817
-1.305989
-5.663099
8.096109
8.955325
21.034066
12.571274
11.509130
25.341417
18.836039
5.850804
-3.640227
-7.898898
9.675166
10.978350
8.195415
-14.679895
5.874295
0.174523
12.146241
11.284971
11.776206
-3.096397
0.285998
-17.452021
9.510230
11.101835
-7.596117
6.127016
12.461927
8.008940
-2.282300
-8.833358
12.605857
12.320339
14.514641
9.441408
18.246561
7.566632
-2.898548
-22.712565
8.687569
6.242956
-5.368151
18.942795
-11.298173
6.649012
-7.472408
-6.391718
9.590578
-9.699386
24.393469
12.048947
16.173771
-14.636580
0.332777
9.503017
-1.320995
-6.896532
9.232276
14.320724
21.104642
-1.781925
30.214431
7.148834
1.437509
-11.431566
16.225332
12.842219
-6.428672
25.047721
-6.485108
-7.013158
23.092934
0.088115
23.746131
1.128968
-2.119784
0.918173
18.972013
8.750720
8.055453
7.127548
-2.535619
6.347009
20.187849
-0.509759
2.614365
8.509605
12.406887
-2.762498
14.612528
-0.629357
22.480964
3.850417
14.582239
7.674552
3.497308
4.832754
-4.818366
4.303285
16.659461
18.193785
1.916475
23.349217
10.180373
4.264313
30.710134
23.387850
-4.838974
9.377465
0.399785
-11.982551
11.299630
-3.435979
7.952101
7.527195
-20.559223
-9.552440
-0.870236
3.105551
15.509423
-5.281055
21.643109
8.867037
10.458958
16.777230
0.313893
1.982348
-16.529279
24.711243
6.878461
2.131221
15.533525
10.145047
-1.573929
3.272078
16.463567
16.008776
-15.907242
1.527596
7.263091
11.178285
2.341785
6.169382
10.475596
4.389680
6.005909
3.211787
15.160833
0.913099
-7.612788
9.430015
7.619941
10.961569
25.412260
1.339510
12.040939
20.135269
36.345956
5.709025
-18.195840
15.319150
10.675414
2.140023
11.138500
25.278792
7.436979
-18.688970
-10.953903
5.639772
5.524246
3.096609
9.961912
1.511695
2.531446
10.948875
22.733887
30.727383
-29.554697
-6.544742
13.178909
2.116500
4.070083
-4.178871
17.501991
4.901320
4.011221
14.436449
10.882339
-12.469111
1.794507
14.952125
3.687976
20.545711
6.690875
-10.808981
7.809565
16.097826
-2.100812
20.925954
11.551426
19.883472
6.054945
-1.066048
4.024955
-4.589543
10.450293
-3.840480
0.612022
3.427631
-12.315540
4.577159
14.667919
1.794192
9.589986
-8.146617
8.369875
16.503342
1.677722
2.374457
12.356025
25.441527
3.898879
16.787573
7.203638
5.643932
15.567484
15.656757
8.658761
7.817827
12.444532
-6.972750
-13.917317
-14.146816
-3.115027
1.559816
20.889657
-2.236708
-3.290628
1.451805
13.150178
26.561525
15.575873
7.807762
13.894244
7.938757
21.591881
15.234418
7.620234
1.689646
-8.543782
3.426237
1.200865
-10.698293
-2.571194
13.431477
-5.238527
6.503590
8.249852
12.918044
16.705726
11.846383
5.283979
9.202056
8.949267
14.176868
1.924926
10.903175
-3.211607
-0.443927
16.149976
-0.406367
-4.851385
-4.142306
2.296140
5.215658
-3.190211
5.209124
0.746396
-0.777647
3.359069
9.459143
1.541447
7.771567
18.327937
10.732221
8.401250
-8.388605
0.893104
-7.963946
1.714368
-3.775496
16.087398
16.024399
12.287282
1.939245
-4.527239
16.714889
3.790427
10.366678
2.070167
16.703568
3.942460
6.315145
-3.905635
-4.512848
7.567568
-3.580787
-11.929781
7.876246
-4.984875
13.651697
8.921583
0.207838
3.017646
9.810653
8.632235
-15.732430
10.977415
-10.122242
-6.667757
9.866388
10.767788
16.683030
0.381891
7.112539
-0.385534
3.747159
-2.481240
9.416093
1.651063
16.452239
3.626018
-2.333811
11.422727
11.073314
-6.852038
-6.012581
6.373479
25.297101
-4.066717
-15.762406
23.724409
0.665968
14.679539
20.986959
-4.494983
8.227187
8.504682
-5.970398
-2.289765
-2.947041
6.679266
7.057924
2.213494
-13.337286
30.298578
15.564875
16.751214
-1.632642
-7.849051
19.928642
9.258638
13.819045
5.831438
3.102333
-2.003128
17.265119
-4.686216
11.511415
2.183325
10.933330
0.541322
2.671387
-12.522098
6.282089
12.715328
4.235735
-5.090326
15.170097
-0.170657
-2.354553
-3.036424
6.462390
15.940482
4.558383
-9.296138
8.930165
12.721900
16.649432
-2.420024
6.751010
26.170242
10.370857
-10.959513
-6.406601
22.358897
-11.470803
-5.016936
1.727931
3.567801
10.639865
3.616892
-13.996243
0.771948
2.871161
-2.951557
6.562470
14.642273
7.835007
19.217782
2.535044
14.628283
1.781909
7.275332
8.392852
18.818630
14.579206
0.331126
2.960045
15.903811
23.421306
-4.582785
0.601977
-0.681148
15.141209
10.635401
4.156149
10.381463
-6.467059
0.208793
6.481752
14.183151
-0.227097
11.381382
23.396515
3.437029
8.414429
0.243386
4.728767
5.599636
13.325755
-1.319598
13.449536
9.617453
-0.867473
12.803290
19.705460
1.480969
-17.634046
-9.479980
12.750304
-7.075852
2.947122
4.706589
-2.021994
16.196457
5.352213
3.657125
-2.809325
-0.359939
2.874974
-8.847307
7.224118
-6.564120
6.707474
6.861226
-6.692538
-11.069858
7.408222
14.211395
1.627551
8.934945
-12.432869
-13.431568
-0.041779
4.946492
4.624122
17.889420
12.008062
0.820215
-0.895815
-5.880932
9.326050
7.158644
16.089529
0.464028
8.737479
-6.600691
20.231718
5.013709
-11.764126
-7.658463
0.261848
19.629029
11.494388
13.455461
-1.430715
18.428576
14.303019
8.900318
-4.558423
-4.674322
3.457275
-2.741559
-4.266179
18.122702
22.926289
3.382090
19.238520
-0.254412
17.072613
13.761057
20.178761
23.904288
-4.875652
20.825072
12.209103
-13.886683
-3.758329
13.725651
8.659997
-1.868709
-19.116148
26.123655
-12.634969
16.884809
17.633277
15.878797
1.305095
-5.996726
-8.093028
6.118514
10.613726
-1.905823
2.772463
3.608096
-2.263134
7.087893
-5.269113
-3.166616
11.576610
12.839740
6.562636
-5.258535
-1.677068
11.585802
8.765302
-4.134827
2.469131
36.713950
8.659183
-9.362234
-11.627903
11.833966
10.123478
-23.672666
9.325028
20.801389
1.758687
1.886062
-1.056632
3.083480
-16.556919
7.671646
13.593504
6.529546
17.973669
8.525570
-20.630191
6.166092
-7.255903
13.177141
-2.866467
5.732928
13.908916
2.820032
-7.336049
2.118139
7.873345
14.133087
12.706105
-1.737191
3.160667
14.785203
-5.783226
15.085987
1.560284
7.328697
7.936554
6.580802
-5.255094
-0.413980
15.599873
-0.479747
9.630544
-5.692410
29.305183
13.238942
-1.468124
1.871564
0.487208
10.593236
-4.864537
-12.832707
-6.917278
-5.528638
-0.210810
9.465899
5.483123
24.120210
2.246946
15.199125
20.277137
1.989754
1.982882
3.285327
11.853756
5.786588
-1.846247
10.433158
7.161946
1.978149
-23.272097
26.263074
-15.362547
18.030132
-3.283698
4.179610
3.293689
17.842296
10.387870
21.217166
20.822479
35.057406
-2.267119
1.225639
0.531597
6.396407
2.937679
-2.976686
16.589305
0.411678
2.945787
1.815884
-13.093495
8.442463
13.178463
3.034560
6.756235
2.676532
22.375445
17.224499
3.543917
-1.650318
-2.109496
-6.639352
-7.873585
2.575103
-0.416567
-1.330798
1.384549
13.161312
8.903117
5.953009
-4.481208
-5.923872
1.131964
-1.295835
6.599272
8.661545
7.047083
10.390013
-4.154829
-8.911437
-9.627851
-3.135420
10.734101
8.280189
25.820445
-1.422152
10.864067
-9.014372
8.271638
14.509506
4.784259
6.547537
3.475264
-12.684224
6.349953
6.531331
-12.991345
7.969698
-4.886482
-0.766766
3.365015
7.790457
12.995615
6.764663
16.874933
12.559675
-14.336514
19.788881
-5.111013
5.292576
17.273810
-1.671046
-1.848342
-12.808481
11.218412
7.926953
-5.808739
7.135697
2.863854
12.245759
9.920993
7.647155
15.966856
15.805580
7.635840
2.421415
1.606218
13.799576
4.544369
-1.686045
10.171491
-14.538143
11.034481
-0.484054
3.214792
-3.503402
-1.839368
17.009002
19.067734
-7.294915
28.770148
10.247773
5.523996
13.440243
18.702326
13.104433
-4.610831
7.824806
4.377050
12.948692
16.077010
10.944291
21.170329
-7.367326
5.099879
-3.922474
21.456480
18.366190
18.825853
-8.611242
13.195316
17.395856
16.616369
-7.190305
21.491772
-3.581336
17.650150
17.128347
6.653712
9.282119
2.926920
18.741408
11.900655
0.736561
-10.781585
30.865533
-4.733136
-5.123227
1.165321
15.311182
3.483011
8.088573
-12.516801
-2.289769
14.634402
14.212532
-14.568892
28.010988
-3.519021
3.583267
0.265320
-9.370739
6.014649
8.258233
12.552377
-0.696393
-2.964642
2.058369
1.584965
-0.665392
-12.864817
3.015353
13.250086
12.319613
12.753880
15.404873
-10.363247
14.964212
2.449445
7.627104
-6.379788
21.112916
7.842391
-15.238686
0.906187
-14.074470
12.085357
12.503239
7.003933
4.796931
-0.868924
2.700789
-5.169707
-4.079615
8.647359
-0.694815
3.894836
5.746136
4.259246
14.655711
12.083618
6.281910
3.799344
18.638199
-11.646210
6.055780
9.893916
6.367716
15.106385
-0.902381
5.066267
-1.400373
11.581075
-23.930348
13.023221
-11.152607
5.094545
6.230999
15.622645
13.861592
6.012178
3.227612
4.604166
17.514372
-3.718484
12.205749
19.107359
-4.663967
2.147750
9.935389
13.471291
15.866859
-2.693167
8.533192
18.211423
9.828376
1.252893
9.018967
27.832521
11.463435
-14.537943
18.956181
4.355259
10.864734
7.258675
2.950013
3.905419
11.895245
24.150924
-3.403571
4.987823
15.313426
-3.053620
11.922839
1.201413
13.851464
7.516802
10.261894
16.247728
-6.187334
2.354130
0.333994
15.474541
7.214510
8.266862
-12.045530
-14.966782
11.074777
18.442690
-8.993024
1.841199
7.188655
-1.377117
-0.576770
5.221479
3.145686
0.796222
4.657943
-1.459904
19.716195
-7.297866
-0.963571
17.254558
5.708645
-5.227740
18.189740
-1.558724
9.331579
-7.359213
4.097614
16.528374
-14.456285
8.200626
-21.874406
11.774373
-3.701595
12.962073
-3.224960
1.120116
7.855977
3.193101
-14.490794
-3.041687
4.646408
11.365227
6.497962
-1.393905
21.594514
6.098726
16.131934
-6.745632
-3.828264
6.048985
12.988332
6.605113
7.640300
18.644733
1.572091
-4.861587
7.874458
-14.796991
-3.173371
4.670723
-0.672374
22.246866
-18.030616
13.824599
1.412110
14.709667
-0.160237
1.175788
-7.896606
14.792994
1.621098
31.661313
-8.889468
13.591441
14.286228
5.314901
6.953722
3.397656
3.136211
-2.933052
-5.952805
11.798500
-6.523192
11.410049
14.093140
-0.266452
9.183464
1.505796
-5.344939
-1.350195
16.810666
5.865817
3.610512
-7.818624
-4.918605
17.999741
1.288860
-22.005760
8.790160
-7.511143
8.038187
-12.209865
16.646454
-3.193223
7.266706
-4.626921
2.970562
17.871584
-5.775082
16.573598
0.625236
3.052718
13.795582
-0.027376
-2.304317
-11.893846
11.605432
-7.869096
10.529279
3.003310
-1.284601
11.812067
22.986579
5.638492
4.944305
16.097851
-2.815128
0.724219
13.061245
11.069623
-7.200116
-12.702696
-5.333332
1.556150
-0.118199
8.364168
15.434502
-7.787395
-6.437517
21.387473
16.517448
12.696258
24.121467
7.807490
0.616750
10.286616
6.102977
-7.204837
16.657671
4.779326
8.445192
4.385104
3.325612
-6.816314
7.284382
-15.490368
6.732526
1.209195
4.733998
3.510122
4.888130
2.216324
6.324707
3.758278
9.446104
-13.734276
6.626277
9.249895
2.313220
-5.586174
13.200170
10.847001
2.870045
-6.180984
2.294548
-1.569793
-5.134282
11.328016
18.864739
15.712692
29.894333
-8.350176
17.411400
12.190197
-3.972344
0.508117
-3.696969
-4.544800
19.747677
8.129532
4.352309
13.547892
-11.361131
-6.111730
13.259581
13.452700
-7.607573
-1.606302
19.520625
14.842796
13.848535
11.125577
-1.901277
-11.791388
9.381749
14.041781
11.564600
5.690599
1.574841
3.555508
23.323673
6.496893
7.670805
16.064625
6.694924
8.335201
0.265884
3.761301
-0.998863
11.877878
5.260842
6.703318
-10.084796
3.857486
8.531835
-9.970866
19.625542
-3.503083
17.602072
16.150411
3.850311
10.766585
11.118216
-0.373031
18.335290
5.015137
-0.166751
14.486116
12.186713
5.020396
-2.518479
4.613721
9.868111
15.683715
5.624333
11.243862
2.925640
11.884615
2.859197
-6.907335
-1.214032
5.810788
19.347048
8.167928
26.003267
9.342055
-10.709328
17.344723
-0.403942
10.935453
2.167367
11.972400
29.383272
-8.517693
-12.191968
-7.906100
-3.117429
9.999852
11.280602
11.775955
-5.059791
14.090790
28.457900
-19.324354
-1.345628
14.114645
4.646119
-12.437634
-7.279579
6.940149
-7.913010
1.417666
8.937836
-5.124970
7.479106
17.646701
7.434341
3.763616
-1.774226
3.075024
14.018790
16.823623
1.248876
22.058880
-9.240851
-2.014046
13.749075
-14.272754
-23.924840
1.267103
-0.466745
0.742150
13.022047
9.330426
5.846791
5.110897
11.737557
18.657266
4.353818
1.819902
-5.799073
0.987461
-10.540336
1.590954
17.393225
-3.710303
0.206569
-16.969398
-2.782592
-1.364905
22.201238
23.440244
-1.276769
9.672278
-13.990419
13.614127
2.825625
5.455589
-15.533068
7.221062
-10.565549
9.256500
0.137934
12.541615
-0.877144
2.364390
2.971173
-1.763687
25.585101
-8.165557
6.873767
12.689582
-8.510548
0.365961
8.533588
-0.282376
17.506551
-0.683417
6.718794
-11.053976
15.739560
11.566538
-4.263751
17.502162
-10.953256
2.071046
-4.214871
-0.532042
-2.829651
6.855244
-2.577778
22.453015
7.920710
-4.872902
20.746423
-3.233143
0.086956
14.438232
4.822525
0.482314
-4.834012
7.587331
10.507866
12.504020
2.239877
-8.013617
17.220419
7.893429
-3.644555
12.212722
1.323893
0.517391
6.481478
-5.089299
16.346848
9.435628
-11.489893
-11.500073
10.359072
5.194670
4.292888
12.765078
8.855230
18.926855
14.817187
2.580048
3.394859
10.851901
-1.355826
6.090071
3.801569
1.598740
-12.321835
22.291289
-1.215409
1.809504
-4.641740
7.916231
-30.634286
0.690433
13.183682
-0.035005
-17.758210
13.553371
-4.888894
1.909275
3.680700
1.289837
8.952127
-17.476489
1.993440
-4.198324
19.706571
17.951860
-7.258594
13.234239
8.086910
-12.605235
6.838016
3.362131
-5.519559
3.243140
17.628389
13.754890
-10.684163
0.880380
-8.961364
7.304899
-8.835365
21.376854
7.562050
1.205485
11.665995
12.126009
3.363059
11.569487
2.114655
1.723858
-17.540111
-5.216311
-6.336208
17.090685
-2.104387
9.068115
2.029602
12.272384
2.356895
13.672003
1.311442
3.728393
21.398866
22.071651
2.409686
13.654762
18.391082
14.203704
27.386020
-2.416844
-10.305800
-0.811777
3.453932
-8.827163
-14.848509
-3.909790
10.638486
15.779445
-6.482437
-6.562943
20.688587
4.682772
17.798404
11.475813
4.119663
-13.063438
6.591436
12.545457
19.196260
12.281859
-3.869409
0.062470
-7.602357
15.878545
6.961153
11.320519
5.034542
17.100714
-7.229862
1.119506
14.482325
-4.472760
1.908647
-14.291538
-3.774068
5.273563
-3.881473
-16.328724
-3.256316
2.014662
8.577387
8.565571
10.948113
1.766226
1.028655
2.259529
-0.168297
18.806352
-3.880473
7.366848
-1.176221
-5.606985
-4.991857
25.042344
5.968108
-4.754292
-13.106802
5.989091
4.900662
-9.171729
15.953100
8.891462
-8.740233
5.574947
10.836524
-3.732854
9.513438
20.700636
0.061024
4.907944
2.413083
4.808049
10.102512
-7.176593
14.723355
13.492035
12.427740
-9.173891
-14.235978
2.658567
13.128550
11.908832
10.815592
0.307538
15.277419
-1.541769
13.368433
-3.724408
6.432493
19.161776
6.536469
1.077891
3.988624
0.423169
5.271299
14.625433
-16.815461
5.848557
6.937797
-8.226685
15.648865
15.781912
11.413974
26.647930
7.704704
20.570610
10.597594
-4.002510
9.130475
10.040376
-11.308316
-4.483060
6.105028
5.580884
-0.112722
-1.503818
5.558376
14.747198
0.598431
2.639747
16.314414
20.427357
18.825536
-8.171010
-11.131758
-17.194438
3.448945
14.048390
0.441126
18.501953
4.654683
9.123112
13.832213
2.291682
3.729305
1.624056
13.610920
9.862127
-8.204858
5.772395
13.600941
14.415112
27.489596
14.652545
2.474541
3.178270
14.689927
22.447731
11.163282
3.761875
34.235562
11.717651
10.198912
13.321795
-4.410669
8.207529
-11.449474
4.113695
14.499014
2.035333
12.158943
-10.173167
13.834969
-7.878197
-6.685835
5.760824
-3.796333
25.176941
-7.785052
-2.038753
4.264689
5.031722
16.665876
-16.448823
19.042748
8.473861
-11.244829
8.230416
18.005907
18.008006
10.846016
2.481045
0.478565
-5.585167
16.847695
17.075650
17.070817
6.276088
5.258117
-6.132326
-5.927118
17.310612
13.999689
2.920721
9.827313
25.156211
14.376180
11.993125
7.255224
-16.846058
1.997934
13.992341
3.633668
16.176748
5.595523
-10.344487
0.832696
3.636122
10.058562
5.395133
6.046327
-15.475442
12.412756
11.220804
-5.634889
-11.222489
13.587119
-9.583264
11.213670
7.819620
0.159405
2.179033
20.542909
-1.349955
0.952198
-7.042342
14.449672
4.645330
13.366597
14.541019
-11.983295
1.460165
16.122742
-5.278606
4.022912
34.163417
21.476981
14.916074
11.083434
2.275113
-18.045619
3.797140
-1.998838
-9.200609
-4.115189
13.911410
-2.191987
-4.273701
3.507909
3.425522
-8.174878
4.891092
3.521302
-6.563402
7.859866
18.713196
3.833814
-7.705381
-4.750070
12.671908
3.622906
20.679839
10.805680
5.206515
-8.941660
9.464524
5.003934
-3.823771
-1.072056
-6.057653
8.397095
11.464772
-3.690591
-3.090987
-1.789928
0.894704
15.720042
18.278360
-1.284032
-4.100243
3.882416
8.920978
-0.525801
5.593894
9.159571
-3.871449
-22.969310
5.517841
17.915134
15.702491
5.286698
0.255446
9.241082
13.308000
-3.593273
0.096690
16.659157
14.296834
1.959381
19.090075
4.074117
-2.971463
-8.520056
5.417009
19.122295
-19.151718
6.661205
14.999569
4.379619
13.125919
5.009454
-5.198600
-10.420895
9.770125
0.192579
-3.814172
-5.703859
17.504324
11.495168
11.377886
8.098524
25.450854
5.788540
-9.731169
-1.520659
6.874345
-4.611629
-2.428308
19.835750
4.788007
-7.230182
1.710705
6.909775
14.470738
-2.597293
4.153390
22.316581
26.562891
-27.776488
11.550043
3.198856
10.568555
9.112811
8.875213
-1.347764
5.076521
17.946129
-4.069469
-8.155107
25.997912
2.842801
-8.121881
-3.144600
3.517038
17.482813
11.778353
4.534751
2.547044
-3.263026
-6.113164
-2.353108
6.519874
-5.550251
-15.102678
11.710152
6.391859
-2.602432
6.660607
0.004515
15.648072
4.688210
14.439567
6.227648
6.758076
-3.505343
7.839719
2.840840
-14.368368
-12.240701
-1.754483
-7.043954
19.517693
0.777994
-0.493627
7.996166
3.435138
10.999300
-2.177139
14.968973
7.647945
-9.388574
-10.230079
1.992915
-2.515953
0.522255
-6.178558
-3.926103
10.913544
-3.006214
1.334742
0.412668
7.479148
23.062394
11.231300
1.139520
4.452604
-3.374427
22.023988
4.480805
-3.425885
18.415633
8.102949
9.398812
-12.956935
10.379537
-4.442013
-8.256650
18.376977
-8.005345
5.677998
14.940062
-4.552017
-13.815536
-2.964017
1.846782
4.532686
0.787389
9.906668
-7.841391
13.953896
9.888984
19.520080
6.197011
1.170279
9.931698
11.777639
6.711925
-2.923126
6.251852
0.628187
-6.290336
6.390385
11.591805
-0.561363
14.580454
3.934401
-6.311191
8.647151
-1.774305
-9.766644
1.547716
-9.957714
-5.432849
-3.905555
17.297638
9.577385
-6.782490
12.430000
0.863523
-3.949078
-9.638892
-1.815470
16.709042
3.758663
4.224764
8.029872
3.840747
-0.568134
9.307526
7.917123
-11.825952
10.621080
28.385156
16.620136
15.841386
8.229230
1.026140
2.196580
18.349145
4.200539
-2.368402
7.006918
5.807861
-8.653669
2.618266
-11.170356
4.409597
-1.186242
14.438491
-11.099923
6.345982
-4.393415
7.674889
1.809932
0.132595
15.576903
4.640511
-15.961300
-16.850209
12.483795
15.024553
-9.419499
-8.346819
-0.736048
13.776512
6.889149
9.533398
-6.422365
10.204731
14.624273
5.308977
0.149316
17.808153
9.691905
12.413914
-2.745635
8.986777
20.864525
-13.139341
-2.246141
-2.849577
-5.886867
18.510188
-4.903508
-4.217778
0.399041
9.013465
4.917308
14.264986
4.644216
2.848018
8.164795
-5.078224
6.759001
-4.315925
-11.980592
-6.779600
31.191402
-2.538296
-3.513329
11.578286
6.728040
-2.112837
-16.068733
4.433711
-15.983066
15.127463
11.486083
13.310596
7.841034
0.050729
1.689827
2.202832
-3.813219
-3.917297
-7.195836
4.919155
23.860514
4.960328
3.990219
10.379897
6.969004
7.461477
20.573713
11.759993
3.199391
3.566726
9.510597
29.620530
-7.033474
-2.785680
21.612184
15.521630
7.970459
12.254864
19.543495
-7.931005
13.064138
6.944895
3.685196
12.283938
-15.798524
23.495312
-5.562577
-5.777834
-0.366165
14.273059
-8.836864
11.764534
3.975887
-13.104981
4.146264
3.323049
-0.814604
11.570638
5.751062
-2.130849
2.902812
6.365747
6.292625
-9.103803
12.674340
-18.792726
18.457835
-9.105493
15.766090
4.893467
-15.441074
6.775450
13.525721
-18.918265
-6.773443
-1.191637
20.046086
6.406844
4.904285
3.146967
-1.025615
4.835464
-0.708103
30.916239
5.923728
5.008992
3.451379
-6.661591
11.635754
14.455275
6.475629
3.484281
-4.833070
12.054398
18.447620
21.950696
7.143257
9.350382
9.390642
1.365733
6.680811
11.940039
-6.190381
26.284722
7.222721
5.868366
10.905173
1.756242
-3.201537
-1.808597
15.413503
1.407183
9.208183
21.748455
-9.328274
4.575213
6.168584
2.541960
-1.989631
5.710686
5.859132
5.186117
8.773898
5.494830
1.055796
-7.407407
-1.266623
6.894569
10.118408
-3.168745
9.144444
1.305617
12.307436
6.405029
6.999759
8.434679
26.294358
13.349859
-0.063383
-3.794105
-3.265828
1.012967
7.935115
-2.446584
23.435288
3.491126
-2.196128
-20.183598
1.815020
-3.908491
1.015037
-16.850752
1.894455
2.744155
2.604593
10.050361
-13.471907
6.988503
1.026552
-3.511870
12.922147
4.512643
4.970627
0.012351
-4.273567
15.590394
-1.702423
8.467499
-1.790921
7.767361
1.139549
13.019190
-7.072660
19.043728
-6.871724
-1.208456
20.003646
12.513744
-7.760819
6.523914
12.837373
12.866829
20.428812
-1.891113
-20.297319
5.233053
-11.895859
7.411880
5.010120
13.729404
14.078097
-5.019834
1.647333
-7.858856
-6.474551
23.093671
8.134731
-7.700577
18.462112
5.415798
4.856588
-14.939535
22.168881
-4.759364
-0.134285
15.002317
15.536317
0.573879
21.811134
3.796454
-10.641381
0.492335
-9.854537
12.908675
8.795864
-6.815162
-5.152189
1.453845
5.156310
14.754200
3.887214
14.807567
-10.641604
-20.339543
18.968028
25.984119
-5.111887
4.659554
7.851821
16.847369
18.038137
14.550672
8.132168
-12.075188
5.662960
-6.569916
0.415626
-11.020439
5.647370
10.419698
9.940677
23.423815
-5.888133
-2.683461
11.239347
26.007432
2.162337
11.624003
-1.274203
15.822385
0.205982
1.744208
15.781192
10.768463
6.355304
-8.211683
10.424762
7.795623
1.841681
4.895023
7.053015
-1.391154
-17.319308
4.784160
14.868897
6.899802
18.327333
-1.407466
-24.580083
8.193077
12.670001
13.130310
6.389268
13.034009
6.611160
25.216110
-2.630242
2.923169
0.088694
6.671118
2.219971
4.100035
9.284834
-4.136797
14.223563
8.162938
-4.716963
4.505542
12.715242
9.044308
-13.898089
6.107089
4.037098
9.594196
-3.706302
-8.561604
14.742127
5.104429
-0.413549
25.471531
-1.098574
6.939468
4.086490
5.629188
-0.565163
2.554446
-1.986030
0.280773
-11.141082
10.548209
12.488591
12.986766
2.706689
3.329646
4.496521
6.575832
-0.501119
9.990970
10.051761
26.064254
19.157685
-1.445311
3.586592
-4.420161
1.953661
18.275143
4.996388
-0.687457
-0.757277
4.060818
3.362933
-4.761040
10.564277
15.433311
8.041714
0.707989
19.777970
1.247362
-12.186636
21.625494
9.040674
-0.542414
7.755569
18.758188
2.091813
10.233926
16.139315
-6.349710
-7.358656
11.224267
3.538920
7.718938
8.642631
19.915572
2.317916
11.289801
-1.928625
-0.274516
-17.594340
-4.298879
-15.222474
11.884843
-14.186857
2.916318
-1.464175
-5.777461
-6.724715
-13.319655
8.984364
-0.692575
19.851096
-12.719142
0.953610
-6.577860
12.110094
-16.367506
20.066676
4.982531
14.824683
22.404234
0.251735
4.661775
28.223061
2.471639
12.740041
13.810726
-17.035201
-4.565163
-9.685049
13.773302
-25.197552
5.549374
0.830702
7.470628
4.829708
2.592103
14.012538
9.230795
-2.337905
-1.043697
10.128791
2.386738
-7.648702
5.046134
12.678083
9.283815
0.985143
-14.134324
16.180767
7.651065
1.148875
3.245570
9.684701
-13.548643
8.910011
9.338963
-9.668180
-7.317251
9.529831
-6.065431
-3.323162
3.821749
-7.768331
1.762673
