5000
0.950575
-9.239334
-11.845943
-10.867337
5.091335
-19.243597
6.668778
-6.155202
-21.430350
-10.493348
-12.039552
-6.165747
15.400003
0.639223
-13.694152
1.002518
2.197893
5.109614
-10.569320
-17.371196
-11.323142
-3.175599
-23.090052
-6.423805
12.066158
-9.929866
-5.731268
3.604608
-18.350585
-4.764604
-0.689830
-8.373037
10.082952
-4.818870
-7.202168
-11.020439
-8.047402
10.247781
-11.784054
-8.872830
-8.732264
-20.175705
5.477805
-3.246449
-18.320691
-6.032882
9.583510
-10.543321
-11.543470
-22.656585
19.414636
-2.222687
-1.570586
-14.986306
-5.953084
-8.518859
16.617585
-1.989643
-9.385126
-9.284188
12.449682
2.287252
-36.000402
-7.180410
-2.674220
-0.203174
2.913179
8.289684
-7.863080
-12.708565
-4.669274
1.556549
-13.947952
4.870999
-14.281104
-26.842262
-3.495561
-3.004209
-9.617928
-5.129681
-15.630365
-4.596574
3.635725
2.886560
-3.085991
-19.808231
3.675375
-24.247742
0.400616
-0.138712
-6.700710
-35.613359
-3.036242
4.173457
2.710464
-1.822176
-21.934058
0.263522
-4.233107
3.608906
-13.878183
-10.847669
3.096554
-4.572737
6.836815
-9.093126
9.771150
7.708222
-6.079630
-0.664928
3.164586
12.874129
-6.715642
15.131961
-16.850765
-10.856292
-2.664176
-11.400766
-18.211276
-2.204948
18.049439
-27.563043
-7.738616
-0.359192
8.032851
-16.301434
-18.479529
6.906138
-30.770203
-6.361040
-16.690151
-11.656283
-8.475354
-5.305611
-0.234769
-30.354218
-4.364288
-15.075512
-0.156177
4.622399
-7.483601
4.031850
-15.353912
3.493955
5.302244
6.330303
-10.466036
-2.054183
-14.534455
-12.597287
-11.069526
-7.173710
-18.828734
-2.584364
-6.061751
9.168208
7.214781
3.375798
-12.190850
-14.242920
-1.048744
-12.159017
4.925063
-12.114911
5.755380
-12.154212
-8.208936
-2.217689
-7.365549
-14.992516
10.842513
3.479908
-9.698827
-25.808977
1.401642
1.560536
-12.693236
6.892733
-22.050223
-27.270154
-8.119562
-2.414330
-19.280046
3.194852
-11.423961
-10.534153
-8.133697
-17.261163
1.947270
-6.282148
0.223490
9.810513
-30.507232
17.711974
-14.268403
-4.211534
13.822673
-9.567853
-6.671803
-4.707610
-6.651330
5.006958
-5.172142
-3.652040
-13.775673
-4.444802
-3.895041
4.972702
-11.910601
-24.563851
-3.306991
-16.480829
3.239962
-4.664386
11.875138
-12.863853
0.398454
-9.993877
14.798827
-13.958087
9.484448
-6.185905
-17.647905
2.981480
0.993447
2.192075
-20.948825
-0.689228
-5.572074
6.368914
3.220949
31.050172
2.958275
-9.209155
-8.246518
-16.030635
-25.723504
-1.783468
-4.362934
-5.966444
7.022326
-0.854748
-10.616181
-2.252677
-13.092585
-12.796238
-23.939565
-18.228633
-5.255735
0.703365
-25.140145
2.256060
-5.552542
4.252541
-2.970403
-5.130621
10.603609
-1.227785
-3.569309
1.056350
-8.027524
-13.734825
-10.410226
1.940787
-20.915126
-11.057133
8.322782
8.602105
3.039314
7.580208
-3.575794
1.674487
-6.587987
3.602024
-12.673392
-26.494908
9.711506
3.518288
-7.619660
-1.032619
-4.292257
1.473273
-1.296566
8.343678
6.452290
-0.781950
-10.193975
-11.743413
-12.980617
-1.409559
-6.166041
-17.177986
9.914826
22.548578
-16.030897
2.011505
-11.888913
-16.242424
-6.086943
2.063824
9.405124
-1.294262
9.613671
-17.377774
-2.818768
-9.279874
-10.430765
-16.584431
-4.002742
2.836707
-11.480791
-3.554165
-2.068786
-4.669224
-3.536571
-11.516401
0.720206
-0.642072
-15.561278
-11.451035
-7.681826
-19.621743
-9.744837
9.959152
0.039509
4.474326
0.547229
-13.378188
-9.314125
-7.327093
-6.277488
-12.071019
-14.295575
-19.350556
-9.869529
9.458799
-15.238640
5.170415
-8.647534
-15.836740
0.763719
-1.929789
-17.164895
-12.217702
1.564848
-6.813304
2.912278
-3.897570
-17.032020
15.398419
-6.355268
-9.172293
4.763934
-21.131183
-5.082432
3.401878
2.621710
-11.298064
-20.588961
-1.650665
-3.834140
17.699851
-20.058021
-24.764841
-5.120445
-2.798957
-4.351654
8.297204
-7.268898
-15.294248
-4.635870
-14.205801
-24.669359
-2.088501
-8.021131
-12.994014
-18.278719
-7.622762
-7.991746
-10.550339
-5.448875
-1.113785
7.864939
-2.953146
-15.982564
13.323529
-21.742510
-8.871435
-6.798008
-13.720133
-3.273669
-19.600952
-21.594215
-1.919100
-23.581117
-1.061967
-2.262023
-14.483152
-8.042360
-13.742293
1.640368
-4.522228
4.309027
-1.583143
-4.726046
-2.819792
-1.138195
-21.963143
-0.138979
-4.523217
-4.785851
26.173974
12.358043
-22.261185
-1.012877
5.578612
-2.296745
-8.591250
-0.914096
-7.168805
-18.334847
0.476209
-8.306752
-0.811202
-15.425582
-16.394349
6.841928
-22.750666
-3.983189
4.944352
-20.638898
7.853402
-9.091811
-17.605938
-1.526056
-2.318879
-1.316819
-9.178218
-19.658630
-17.261276
6.942556
-17.682178
13.815852
-3.358631
-13.860735
5.823547
6.833744
7.936858
-9.728233
-8.528701
-14.810991
-4.389498
-6.708138
-0.061084
-7.887890
1.483865
-16.881349
9.599019
-1.367297
-4.104977
-31.253534
0.719714
-9.668833
-0.464766
0.571400
-1.472143
-14.425766
-12.512452
-3.527297
-7.675281
-1.719479
-6.922858
-10.484100
1.023246
-9.397336
-10.778998
-3.972531
-3.576244
3.084021
16.865653
-21.104853
-23.493400
-7.439960
7.903180
-8.993714
4.546748
-5.206695
11.655267
-1.616864
-20.843909
12.105540
-24.726123
-7.346165
0.699467
-7.498468
-4.866509
-2.697927
-1.116821
2.304598
-10.101929
-7.694969
-8.437162
-12.640657
-10.255255
2.271109
-21.297910
2.687179
-4.862798
4.929199
4.705550
-17.310633
2.792827
-1.688028
-7.521236
16.315321
-8.759034
-0.384213
4.723122
-0.243033
3.512261
8.851524
-25.455397
-16.342601
0.919355
1.806437
-10.771942
-5.822195
-5.939545
0.499724
7.394777
4.484427
-5.686908
-10.164815
-1.461226
-4.466595
19.842657
-12.095065
2.578442
-13.598257
5.424337
-4.688921
-13.358496
-10.473023
-29.246621
-1.461346
-7.433577
2.061243
-9.257189
0.622677
10.361618
-9.129198
-7.926374
7.970717
-14.294907
-18.589949
-3.451891
-14.638850
13.117212
-12.355612
-5.680845
-6.529409
-14.943768
-7.163205
-7.892745
-4.574469
2.217655
8.810180
-16.735551
-16.683536
-18.323910
5.295119
-8.873870
-22.132454
-6.227107
1.798774
-6.041143
0.144852
8.434839
7.450853
3.147015
-2.373473
-9.263629
3.854857
-6.195563
7.603355
-4.026771
-9.555129
-6.071886
-6.583948
6.370340
-6.413675
-3.338786
10.075419
-4.676249
7.220046
-10.403807
2.062104
0.171146
-2.096012
-14.414268
-8.006655
-10.055588
-7.015946
-3.562859
8.586746
7.214217
-7.096623
-5.045650
-4.997177
-11.054675
-2.409490
-14.323795
9.300555
5.980069
-22.669650
-5.953298
8.692193
-16.166548
18.229242
-14.775204
9.577703
-3.585320
-7.142915
-6.698420
15.162761
-8.189941
6.446569
-22.710086
-9.838135
-18.267800
13.426526
-8.631716
-10.247174
-17.021553
11.266588
12.333088
-0.426814
-11.122999
15.622564
-0.699495
1.058478
5.325709
1.928997
-1.952919
-14.749430
-15.050271
2.972876
-17.154269
-23.297389
-1.405124
-17.391431
-9.435159
-21.246569
4.144426
8.531540
-3.494965
4.283744
13.917517
-12.113047
-6.312095
-4.707713
12.061293
2.948969
-7.420216
-4.732323
8.588759
1.291813
-5.063973
-9.049530
1.449566
-0.375448
-4.983066
-2.410847
-8.792511
-5.448024
9.173864
-6.229830
-9.598461
-9.545009
0.236689
-20.557234
-15.387388
-5.035611
-5.110441
2.903713
-25.424744
-35.614013
-1.562760
-17.713236
-0.178520
-2.388872
4.255972
-16.800194
4.135211
-6.542007
-13.300710
-15.984143
-19.446961
-26.908665
2.136406
-14.255000
-11.739767
-15.924789
8.130066
-10.603823
-17.481540
-0.526858
-4.346792
-13.200363
-10.779835
-0.576809
-1.870927
-14.501261
-7.007192
-26.354758
-12.633461
-0.101251
2.027284
-4.879540
7.796189
6.835503
-1.729666
9.710788
5.505161
-3.458587
3.106666
-25.158630
-22.777286
-9.348273
-23.461173
-8.913393
-3.151572
-10.951039
9.022111
1.087401
6.005763
-4.135239
2.759774
6.179506
-1.205123
-16.806400
-2.029165
-16.003676
-9.694926
-0.894284
-6.097731
-10.500929
-4.601914
-25.825455
-26.183289
-8.931423
-3.075083
-0.412106
2.343562
-7.679889
-12.364209
-6.815722
-11.153939
13.380710
-9.377719
-30.099505
-20.165864
-21.228936
4.394569
-6.023061
10.365153
-9.055162
-11.228111
20.234318
-5.833677
-14.702002
2.575135
1.735355
-12.327176
3.675358
-24.423025
9.508594
10.772135
9.356146
1.857350
-15.601120
-33.138847
-8.711086
-4.921067
-19.999661
-3.732353
5.099362
-13.429215
-19.553254
8.060813
-9.624021
-10.782707
-0.974553
4.499632
-7.787632
-1.307431
-7.015044
-3.744619
-14.314919
-1.961823
-9.358155
-14.355097
-7.948765
-8.801519
-1.634577
-7.337463
-7.187422
-2.491199
1.109072
7.438386
-2.656984
-7.780391
-24.487925
-14.585868
-0.212715
-2.363437
-1.472409
-8.664778
-4.283374
-34.831185
-11.442966
-22.133776
-3.019289
5.984871
-9.190073
1.770744
-16.764891
-10.195199
-15.492778
-7.504617
-8.465620
-8.713746
-18.692322
-8.721930
-0.703014
-5.978475
-18.251355
-3.179107
0.423690
-5.391571
-14.753234
-11.017304
1.323387
7.737432
-39.517744
-2.371363
8.557182
20.198152
-9.142003
5.530932
1.544673
4.257509
-13.284296
3.880083
5.320551
1.117869
-5.102631
-4.408564
-7.235177
-16.935564
1.759663
-1.716954
-6.389141
3.961016
-10.024568
-1.824523
6.100956
4.772089
-6.682818
2.986085
1.747126
-4.189254
-2.111153
1.805933
-1.294658
-14.983685
-11.480743
-14.301636
-12.005716
-3.173445
-13.860304
-0.280486
-2.264625
-2.086415
-19.838714
5.560117
-16.075369
-0.634285
-6.306959
-18.229962
-20.316422
-6.148198
-9.509275
-9.662483
-7.514672
14.818308
15.382646
-28.229520
1.533033
-2.969590
0.090747
2.857455
-18.230356
2.954803
5.984491
-1.600848
-6.196269
1.755783
1.147994
-9.563121
-35.035771
-12.941892
-5.720791
-3.382448
17.904155
-10.851803
9.215874
-7.881846
3.648751
-14.902091
5.918417
-10.630729
1.225701
-8.496242
-4.352135
0.893459
-1.103992
2.493254
-5.897703
-10.415643
-19.637995
-24.890313
3.444257
-0.043347
14.285831
-13.537092
-7.031908
-10.723783
-7.001411
-4.454447
-6.438380
3.625643
-21.598130
14.091938
-17.161040
-3.791587
-4.394301
9.580632
-17.083667
-18.109013
-14.808675
-5.723947
-15.240441
-6.908923
-1.305186
-11.348162
-0.009700
-3.045287
9.443065
-8.303080
-0.426436
1.898438
-9.158027
-1.270172
-17.926032
-16.671737
-16.917723
8.085758
8.970280
-1.717656
-2.083434
-9.177372
2.387524
-13.740656
2.133345
-17.526321
9.428177
-18.518968
-2.892061
6.553319
17.240811
-10.265544
-9.822060
-13.193587
-18.592044
-0.710070
-3.254295
-2.030695
-1.791118
-1.669750
21.534190
0.102299
-7.364309
-5.463076
-1.581660
-8.196722
10.149397
-10.711081
15.457100
5.308207
1.808918
-12.973493
-13.243509
2.478265
1.113112
-6.853278
-13.788948
-3.772024
-5.470066
10.326738
-7.576508
3.811518
-5.560465
7.863598
-25.714022
19.791324
-7.039194
-16.316166
-22.329545
9.299974
-6.671641
0.683761
0.851746
-21.125050
9.000420
5.920118
-3.988386
1.119759
-1.389661
-18.258116
-2.918805
-25.178283
-11.075561
-12.004407
-10.332202
7.116094
1.610387
-7.818783
6.224892
1.106184
5.095299
14.912371
-2.678906
-2.282409
-1.696195
-23.972627
-2.251609
-8.606205
-5.520443
-14.422175
10.696577
7.046365
-13.029896
-11.855125
-16.324674
18.845784
2.306414
-18.148485
-3.005689
-21.237806
-8.454805
-8.702572
-32.186216
-13.136311
8.367765
-5.585110
-16.916384
-6.537963
-3.570153
5.488120
-7.016499
-0.690993
11.269985
-6.343761
-10.780761
-6.918201
-8.313533
-3.776523
-1.739285
-2.873153
4.387483
-10.999457
-14.848580
4.061525
-7.439838
-23.191793
-6.974655
5.007770
-9.983220
-32.933380
-11.567621
-1.934736
13.578886
-20.467151
-23.376325
-26.258346
-12.553362
-5.071105
-2.047277
6.700559
7.179970
1.710017
-1.117124
-15.163384
-7.877743
10.527874
-0.340070
-3.171710
-18.494980
-6.706993
-14.648565
-12.391285
1.925248
-5.191037
-11.868330
-21.732337
-6.992677
-24.887039
-0.288431
-11.420615
-7.643358
13.088695
-23.167602
-19.580977
-12.085028
-8.251959
-16.881793
8.119764
-4.266195
1.831482
-1.984911
-7.967043
-2.615920
-4.265243
1.699186
-16.647073
-10.264049
-15.735878
-16.202237
-27.484295
2.078166
-9.030427
3.129470
-18.558692
-5.374351
-3.560417
3.322169
-12.361046
-8.032755
-6.638166
-5.192372
-3.075826
-4.689406
-7.345731
4.382235
-30.320174
9.265041
-1.649501
-9.471326
-19.826273
9.614475
5.334155
-0.510858
-8.634727
-14.382006
-11.772625
5.265761
-8.518680
-16.384554
-2.544931
-21.227145
-13.448964
7.132521
13.985899
-9.365567
8.152587
10.829516
-11.316181
-6.480078
-0.456354
-11.394370
10.625794
-7.271044
-4.222667
6.098239
-10.730089
-5.328806
-31.195237
6.900437
-16.691634
-18.877295
-13.701023
1.978455
-17.318783
2.437861
5.193531
13.507317
-5.222300
9.184250
-5.922724
-1.906141
3.495756
-17.843793
-14.711065
-0.716380
-14.303650
-6.482077
4.425432
4.066771
0.119733
7.438370
-16.376338
-1.904004
-10.287969
-7.203506
22.393956
1.855250
-18.881813
-4.779034
-4.365430
4.683140
17.543261
-5.352646
-4.507216
-10.171698
-15.754042
-2.699906
0.646092
-2.486397
-7.782859
-9.069638
-16.631225
11.543422
-6.007552
-2.236072
3.081800
-10.258743
2.532914
10.242763
-7.824515
-5.511592
-10.066004
-6.310486
-3.586652
-13.356662
-20.386724
-2.109561
-6.047486
-2.489974
-18.791341
-5.694981
-13.742920
-12.319280
-13.195085
-17.694347
-2.357298
9.463995
5.591892
-16.309584
3.282426
-14.856445
-30.973184
0.750638
-9.897513
0.389373
-10.222116
-6.735095
-4.691797
14.968262
19.095645
11.008921
-5.073635
-3.091961
-11.657340
-6.369170
-2.795095
2.682370
-16.665249
-12.000921
-10.280687
-0.800533
-1.263193
-10.394335
5.182444
2.431215
-9.182494
-16.560040
1.170065
2.415436
2.378307
15.164775
14.190477
0.406250
-11.148018
-5.267236
-7.715128
-11.291487
-17.950576
1.838838
-12.312478
-19.180060
5.283627
3.479281
8.712214
-1.847725
-3.760351
-0.640371
-3.899157
2.085484
5.375906
-9.948121
-18.688325
0.982493
6.112986
-3.131723
5.302267
7.965823
0.625592
8.719875
0.984636
-6.771942
1.710339
1.568532
6.468096
1.220665
-6.305661
-19.061680
7.770660
-4.398846
14.702763
-14.107246
-21.742931
13.697881
11.076802
24.606090
9.244499
-11.500878
-4.648933
17.221718
12.768655
-9.375805
-1.781711
-0.585210
-19.979455
2.524323
-14.143508
6.315708
-0.543187
-0.514525
2.671221
-16.198621
-19.821535
6.148124
-6.407044
-3.877182
3.176725
-25.514277
-11.505637
-3.195963
-9.846075
-9.936627
-17.338058
-9.578107
-5.778365
6.202389
-26.423888
4.270215
6.303824
-11.207671
1.264227
-14.160658
0.861505
-14.584122
7.623173
-1.232963
-3.029610
-14.262455
-16.117248
-5.407216
-5.780809
0.407124
-12.160675
0.093441
-6.941059
-12.787731
-15.289424
-3.447750
-12.779903
-0.353446
-4.334912
-14.563780
-20.736116
-6.808370
-7.761988
-15.958776
3.054092
-25.469417
7.281730
-5.109341
-10.398196
2.717545
-5.125559
-2.005666
-16.062178
-14.824672
8.441385
-4.934237
6.646544
5.374894
-0.800307
-7.321178
-7.314700
-13.914656
-20.624867
2.315532
8.126815
-2.079010
-12.996370
6.190924
-8.098523
-2.361216
-7.796189
4.604308
-6.085487
-3.644133
3.255276
-16.149070
-2.840560
-18.528092
12.174347
-13.140196
-0.556986
-16.417010
10.173157
-1.315799
-17.128200
-1.507082
-18.292488
2.123931
-12.556396
-5.986922
-11.431058
-14.870099
5.269506
-24.277776
-9.850800
2.861582
-10.309042
-8.652108
13.433366
-20.782116
-7.217843
-10.699102
-8.918665
-21.008085
4.314490
-5.156835
10.828151
6.263652
-29.426410
-2.412380
-0.212948
-10.342457
-10.103855
-20.580140
3.956601
3.985594
-0.861676
-2.891934
-15.604253
-8.456804
-2.242925
-7.370738
-0.463856
-5.922305
14.577779
0.567630
-8.127231
-0.291069
-2.392480
-5.647693
-10.932522
20.045528
-0.127231
-12.537628
-13.244553
-13.495158
-18.021035
12.010904
-11.971315
-13.493354
-9.442923
-16.105238
-11.380460
-3.732454
1.623177
-13.811632
1.037215
-13.795072
-7.749071
-24.629270
-29.259838
-0.677902
-10.100127
5.442954
-1.886008
10.293337
9.496537
-0.624054
-2.260363
1.944286
-11.624314
-2.006909
2.490531
-3.589013
0.028974
3.196470
-8.383008
9.210451
-18.775365
-0.760690
-10.749798
-4.339650
-10.123118
7.590765
-17.029112
-0.164532
0.017869
0.410068
-1.150265
-1.986437
11.718275
-15.441411
-20.332403
-12.580310
-5.386404
-17.034920
-23.166140
4.363695
7.056883
-16.770273
-2.355109
-1.321877
3.636712
-20.150938
-0.922979
-8.269967
8.789308
-1.168498
-6.995354
-14.069760
-3.388801
-19.906558
2.818340
-10.557585
-2.286591
-5.362395
-15.782619
-11.205770
-4.775720
-19.667521
-9.689576
-5.377305
-19.865644
14.191107
-4.924957
-19.864457
-6.192868
-5.168405
-7.954816
-14.515918
-9.983307
1.413683
-1.751464
-0.355192
-13.480453
-13.252049
-0.912365
-8.079463
5.008414
4.879817
-2.737610
-19.369160
3.778820
-22.765201
-0.679606
5.246411
-3.607411
-2.377327
-4.869713
-11.702759
-2.729997
-17.780121
-17.063828
-13.074026
6.684102
-11.349960
14.285965
2.449406
-12.797296
-16.106315
-6.137755
-11.195049
-19.885991
-0.664191
-19.938206
-6.841218
-10.192342
-0.438129
-8.631873
-27.668299
-2.653537
0.733889
-13.060203
-14.046966
-18.320034
-4.583025
-15.633306
-1.128488
0.025398
-2.771784
-15.764445
-3.557888
0.034902
-13.361698
-2.531310
-10.484610
-30.247116
-11.461295
-10.543329
-3.870001
-10.958537
-22.729715
-0.430343
9.710484
-2.161997
-12.320433
-7.527535
-21.751156
-5.497836
-3.999930
-18.877935
-6.865672
-13.697884
-9.882443
-23.796944
10.867235
6.801417
-5.432127
10.059203
-6.497631
0.536997
10.523173
17.875769
10.828760
-0.222559
0.134313
-24.037111
4.652024
-1.456027
-13.659833
-8.997587
-11.550131
-7.363446
-13.246449
0.101979
5.547398
-0.919337
-3.113823
-14.012368
-0.713831
-33.174958
24.601192
4.398824
4.003015
5.122550
-3.995470
20.219174
-9.179810
-0.716728
-5.813932
-3.351520
-4.627112
2.105055
-21.459735
4.519683
-12.129234
4.450417
6.616548
-1.949294
-9.916015
-7.080146
-10.741016
-3.497890
-6.031648
-8.627563
-3.709523
-26.898840
-5.111371
10.428126
5.080616
-10.608370
1.804484
-0.840239
1.045028
-9.322843
14.664213
2.622782
-18.331688
14.075740
-3.739128
1.468084
-2.380064
-12.584575
-4.309972
-7.213240
-5.483296
-14.049064
-25.341154
4.575402
-9.281023
-11.989602
-11.666743
-7.396764
-23.427042
-3.720888
-17.715031
16.222507
-13.400043
-4.633874
9.226893
-18.121049
-10.767749
-0.088522
4.263606
15.909619
1.789244
0.309813
-1.232905
-10.053144
-12.742114
-5.919706
6.080817
-12.752954
-4.899444
8.183777
-1.844600
-1.151013
-12.264374
1.549208
18.520218
-18.002439
-1.670395
1.553193
-11.220769
-12.033972
-9.867245
13.850935
-3.095651
12.475371
-15.118851
-4.603756
-11.418703
-2.624657
17.782883
0.592862
-26.054110
4.538685
-16.767982
-7.184254
-6.525274
-5.219505
-1.233947
1.880118
-1.080954
0.256678
-2.149023
-7.013206
12.000520
-24.029281
0.876184
3.569324
-3.835257
-5.157049
-12.263685
0.450593
-19.256156
8.222743
0.687704
7.420511
-13.727427
-13.618948
-3.307581
5.879980
-8.302683
-5.437082
-3.085131
13.967406
-11.874994
-18.248678
-7.980539
6.988264
-11.730796
2.907932
-22.555600
-2.867237
-23.525673
-0.621543
6.702963
-22.140384
-1.910403
-1.576125
5.019962
6.032031
5.646598
1.320534
-17.325888
4.232559
-6.512216
2.572534
-8.912665
10.412784
1.530027
-2.699253
-10.892168
-0.062623
-8.914892
6.076896
14.825184
-5.679289
16.948428
-5.113179
-6.069095
-13.801796
0.130920
-18.003635
-13.509622
-3.451376
-7.887414
-1.237962
-12.268813
5.132302
-5.173248
15.777906
-7.786477
14.771511
-4.242017
-0.862531
3.035648
-6.985838
2.870863
-4.285018
8.490862
22.686924
-12.490288
-19.191313
9.901825
8.868875
-0.714533
-9.227865
-4.667155
-3.540788
-19.143503
-11.964345
-12.311834
-2.534951
4.356293
-1.935526
-12.370026
-2.576029
18.223217
2.248255
-4.207782
-0.189696
-23.516351
-23.795216
-18.375034
6.037677
-16.194398
1.397920
-10.457952
0.096598
4.576857
5.676008
-1.142119
-15.319532
14.737992
-15.259657
1.157749
-7.212637
2.266070
8.122790
-20.471038
-4.002998
-0.513264
-4.594515
6.762134
-20.983197
-7.723272
6.682825
17.485860
8.606235
7.574551
-26.485052
-17.456417
8.723765
16.077041
-24.056290
-1.581347
-0.516475
-18.306973
-15.888723
4.118989
-6.952493
-7.770913
-20.255211
-8.252448
-1.078837
-20.079285
-8.799110
11.522127
3.834274
9.227784
-5.657414
-18.061922
5.771057
-10.689701
2.654486
-5.662897
-7.454689
-11.542735
-15.073041
-0.230833
-7.499647
-22.250312
4.218159
3.939245
-0.950676
-22.826389
-14.041307
-2.311403
-3.767934
8.340160
11.850145
-4.675040
-4.919621
-21.437809
3.416981
-20.435932
-5.441551
-10.157928
-1.964284
-11.080303
-4.764282
-2.947753
-10.390168
-11.368606
0.260133
7.690974
4.085381
0.716534
-2.534000
-2.498770
-5.057748
-2.413733
1.324341
-10.789571
-7.172545
-17.469463
-18.351295
-9.824515
-8.963578
-15.060531
6.676288
-6.795151
5.058415
5.564367
-3.486017
-3.364849
-6.566074
-20.059538
-8.085706
-18.856361
-10.884166
-0.874456
-16.406299
-19.234710
-19.744096
4.939945
-12.913645
-8.472681
-6.965388
-3.181383
-9.321363
1.135467
-38.123230
-5.358062
-10.549393
7.628222
-24.545052
-2.595264
-9.337433
-8.567992
-5.809019
8.394258
-0.082742
-9.882559
-20.464771
-5.692646
-9.365109
13.422740
-7.925584
-3.506536
-7.413462
-4.188212
-13.351402
5.769807
-3.264803
-6.789854
-7.205256
-10.550946
-10.283200
3.899543
17.705459
-17.534547
-13.229145
1.721176
1.801945
-20.485587
-21.257081
1.396703
1.866592
8.564526
8.056338
21.605501
-3.463689
4.560320
-8.376330
3.451924
-18.428679
15.566918
8.783354
-0.636334
-14.236411
-10.567806
2.358393
2.716212
-14.717243
4.357532
-15.430385
6.679629
-0.045770
-6.954850
1.264903
-11.707419
-8.815800
-5.108928
-5.865295
6.908443
-16.127491
-10.694762
-8.303386
21.701012
1.008943
-11.060096
-28.246869
-4.123728
10.431634
17.792731
-17.647625
-6.549010
-16.491331
3.760447
-21.587504
-6.925383
-3.232283
-0.689377
-1.224143
-17.879366
-11.348354
6.655320
-13.749170
-11.734816
0.664266
-3.226968
-5.456673
-18.737245
-11.064004
-22.086183
-18.576986
1.646945
7.759552
-7.782571
4.680527
-18.826355
-0.917703
13.935656
-2.567488
4.905371
-5.940868
-10.225771
-3.337558
6.129146
-9.001908
-8.927386
-12.858051
2.843599
-5.996771
3.295560
-11.082976
3.029447
10.873063
-15.425663
18.816490
-11.617712
4.861824
-3.004861
10.366492
-18.353529
7.204244
-12.612539
5.769071
5.975198
-1.205606
-15.642866
-1.196474
17.008974
8.009841
-6.853796
-13.791348
-8.183918
-1.977321
-5.216792
-32.227438
4.447477
-13.029172
-6.045227
-10.671281
-5.321197
13.338060
8.287389
-5.984859
-2.876892
-2.205079
-1.005900
-10.681509
2.902848
-5.310780
-23.313966
-6.694841
6.076345
3.302233
-15.456497
5.226932
-4.614087
-2.693639
-1.002092
0.300826
-4.367495
-20.492148
-13.740753
7.012614
-0.982812
4.869430
-12.222687
2.591156
2.893421
-19.983931
7.194944
5.682906
8.076896
-4.653884
-14.760580
-16.347770
-2.615159
-5.024953
-5.240783
-16.280321
-9.647165
-5.723591
-19.132065
-7.688526
-21.156658
4.950958
-18.725981
-4.261978
5.234086
-11.445691
2.847933
-22.341379
-13.075205
1.645340
-10.405621
4.894323
-27.059488
-11.790481
-7.023851
-27.737092
-12.280323
-5.701012
-3.779400
-15.761040
3.989274
-18.766400
-11.874710
-21.420406
-3.084172
5.499927
16.110745
-9.055806
4.624238
-13.112474
-30.734498
3.157167
1.059475
-4.538040
-3.718714
3.725928
-3.097450
5.866602
-20.540645
-7.743818
-11.339537
-13.817990
14.049432
6.848285
2.471318
-5.829231
4.999454
-10.025191
1.665464
6.284803
-12.582407
8.627526
17.433701
-11.964200
-22.261065
-2.560937
2.911575
-7.276260
-6.229102
2.030761
-13.093062
-0.778564
-2.088556
6.070098
-16.356215
-4.875504
-11.006346
-11.614932
-15.214439
-10.234383
3.679917
-3.901676
-16.881686
-5.327099
-20.653601
1.721408
-5.968240
1.801202
-19.255982
10.236563
-6.427015
-21.477472
-4.711536
3.653337
-7.012987
-6.440781
-4.611298
-2.869714
-2.164541
-9.510318
-17.470973
6.873185
-3.066566
3.192863
-5.223817
7.332101
5.002804
-5.815186
-10.966736
-7.751928
-16.529169
-16.323979
-18.089335
2.074621
-15.605811
8.241803
-24.959500
-26.411750
2.154002
-9.116077
-0.916220
-5.792312
-6.135862
-13.712067
-17.139838
-10.065074
1.990939
-13.028156
8.275661
-6.861821
10.864594
3.388480
-15.598057
-6.056607
4.142918
-3.332728
10.034447
-11.313698
-7.687076
-2.527658
6.588816
0.824520
0.236199
2.121204
4.574378
-22.769166
-20.490403
-1.931638
-3.862219
0.893587
-9.789243
-8.091699
6.015621
4.187483
-5.854998
-24.039635
3.772770
-11.638863
-13.054504
-7.761273
2.142222
-5.168668
12.101436
-1.085979
-23.214513
-10.470988
-21.257139
-21.260615
-7.428007
-10.449781
1.292327
-5.888792
-11.570437
-1.594585
-9.612945
-14.447075
-18.550470
-4.682561
3.504872
-33.833774
-8.518175
-1.968275
-1.827398
11.375260
-3.599660
4.995717
-8.182654
-12.416919
3.666447
-12.821189
-10.383663
-13.173421
-5.500594
-15.262986
-1.821571
9.579459
-1.798645
-4.395170
-11.195879
-9.499496
-10.850761
-2.300665
-2.586787
-5.861440
-16.399740
-3.826189
-6.594183
-24.308757
-12.124540
-9.634236
-8.097766
-9.428938
9.485910
-23.943720
11.350510
-3.571627
-23.571928
-25.657468
3.408178
5.172131
2.948315
-12.307258
13.377238
-27.881643
4.170319
-13.167747
-9.248011
-17.561658
-13.342563
-10.932944
-1.916700
5.480666
-5.708582
3.568382
1.726255
0.433851
-10.485940
-11.621177
11.492838
-4.733327
-11.873384
-24.589606
-8.481328
-5.987793
-5.132392
-5.052638
-17.418574
-9.704830
-11.979355
-16.080445
8.492078
-7.039138
-16.030807
-10.862417
-7.868583
10.038148
-14.138874
-4.899092
-7.202307
-21.380554
4.116373
-11.301754
-2.903247
-9.191639
-2.114786
0.674586
3.680896
9.433283
-17.337511
-7.892106
-11.929027
-0.388744
-13.318342
4.553036
-12.408444
-20.245728
-2.922984
9.164876
-6.034886
2.391132
3.126753
-24.013926
-7.123537
-12.095715
7.804315
-9.545967
13.546343
-14.696577
-16.784572
1.068583
15.251397
-15.948993
4.899069
8.001003
-11.512724
4.392810
-11.640432
-9.582428
-0.357478
-2.204636
-13.214379
-10.440525
-10.746888
-7.800134
-15.405861
-3.459918
1.437257
8.246028
-14.759498
-11.386750
2.583411
-7.673946
-12.486496
-3.739232
-4.605681
-14.243941
-15.328276
-8.972966
-10.021237
9.857489
-9.558709
30.935902
-15.374383
-4.487463
5.632687
7.438226
-14.114213
-0.751749
-10.823387
-5.193846
4.916070
-0.982183
-23.742860
-5.155537
3.901187
13.915517
-21.021040
5.806969
-20.062141
-2.225735
-5.586775
-20.571613
-10.144300
7.829891
-4.081666
-22.693950
-17.136310
-1.339513
11.127333
9.024494
-4.009438
-12.072709
4.201574
8.435621
-13.842477
9.007173
-9.710324
-7.120793
-14.655203
-12.139110
-10.130840
-8.455514
-0.364464
-2.640525
-1.562880
-17.531878
-1.582516
3.126480
13.907716
-24.014991
-8.584079
-2.975533
9.550570
6.049313
-2.902694
-16.298668
-3.607352
-8.418859
9.212861
-13.324591
-5.289338
-15.985754
-12.627434
16.720391
-10.621525
9.215339
-20.446027
-2.764896
-0.210595
1.885812
8.138220
1.906393
-3.330549
0.130522
7.375386
-5.073476
-5.892856
-10.362479
10.838094
8.914693
-11.824928
-6.137983
-15.340747
4.512043
-19.113499
-3.398126
-9.328838
-16.571028
1.171170
7.500397
-15.325439
-25.850727
-15.237398
-4.214601
12.615320
-10.906705
10.191296
-3.321602
-16.133979
9.786998
-4.713912
5.079505
-9.134311
-14.283271
-12.226240
-7.680508
-20.116592
-20.692270
-3.787837
-20.826664
-8.395894
6.467205
-21.292369
-2.292078
-14.104215
-17.189609
13.055053
9.604849
7.338389
-14.459014
-17.744064
-1.195703
-11.528358
-1.881334
4.342379
-15.288487
-3.740914
1.243513
-19.835920
7.971685
-13.558754
8.436211
4.265018
8.384453
12.099759
5.715944
-20.589701
-11.070468
-0.845005
-22.770693
13.051869
1.859510
-3.775478
-15.010261
-15.403076
7.040349
-8.723091
4.841069
-18.503133
-7.876497
0.048573
-2.159725
-7.639604
-13.442633
-4.797711
2.874726
-18.875012
4.524141
-0.467793
-13.324797
-15.846673
-12.302213
-5.321035
-15.710949
2.471874
-2.481901
-20.990991
-7.351383
0.242156
-8.042912
6.474286
-0.082865
-0.497730
2.702390
10.518576
-10.787720
7.241889
-12.692107
-2.056187
4.667208
2.568408
-2.755013
-9.846257
-0.728128
-2.732233
-3.193367
-10.028851
-14.136734
6.104820
5.421482
-1.139803
-14.938348
1.463434
-8.248563
-4.484158
-14.038190
-6.267753
-6.421819
-16.172493
-6.045990
2.409688
-9.996880
-11.250376
-16.637114
10.000907
-3.503359
-4.566680
-0.285645
-0.951440
-16.490594
-7.168789
9.507145
-20.535128
-4.413933
20.496569
-11.434526
-41.071809
-3.403629
-7.590744
-6.052022
2.617179
-10.198915
-13.054571
-0.189861
-13.352483
-7.543403
3.256226
-4.333044
-4.891615
-24.380012
-10.720695
-12.223853
-0.963229
-10.044963
-8.773608
-6.487282
14.754472
-2.292729
-9.923078
-13.672061
-11.258836
-4.226092
2.538228
-12.061984
9.962767
-16.092822
-8.367468
-6.030265
-24.007371
6.535839
-2.765890
9.526920
-12.278013
-15.117926
-1.266700
5.458173
-0.298112
-5.265888
22.005390
-6.621533
-7.821676
-8.437756
-0.008621
-13.055982
-8.516418
-12.755762
-10.796227
-10.035636
-12.219958
-7.337895
10.123914
7.141339
9.029468
-21.023508
-7.788435
-2.110501
-0.952476
-13.850239
8.768051
-6.531183
-5.695947
-14.489201
-17.104803
-12.334822
-14.745383
-0.883156
-9.229589
-8.002714
11.693821
-10.712771
1.833095
-5.162001
-10.338184
-10.071027
-21.028518
-4.556466
-13.991260
-22.584746
-10.653270
-11.294672
-30.153778
-25.561939
-4.177403
-9.314029
-12.461026
2.334517
-8.414067
19.690634
-12.070969
3.043752
-10.996639
5.310224
-0.766951
-25.903191
-10.246532
-5.571748
3.939471
-15.088627
2.995293
8.912967
-4.117410
-0.463114
-13.383703
6.878120
5.291779
-9.981882
-12.149506
17.731497
-0.763264
-23.001865
-10.825742
-5.454113
-22.261641
-5.398222
-7.375283
-5.007671
1.642083
-21.396136
-2.232730
-10.971637
-5.793895
-16.463039
6.623839
-23.092561
-7.353240
-6.200363
-7.283306
-11.754820
-5.410544
-5.477566
17.708549
-10.775613
8.677852
-18.155334
2.060375
1.793300
-19.828693
9.911674
2.093056
-6.673585
-10.540670
-1.306298
-18.489408
8.621298
-22.965862
23.135247
-15.511185
-7.174392
-5.413835
-16.294950
-1.829749
-13.136734
-21.758827
6.653971
-18.306877
-15.269572
-6.170666
-3.355357
-4.852108
-8.484568
-11.861226
12.379718
1.661872
-5.336753
-2.572916
12.327925
-19.029340
9.075558
6.801968
-1.011169
5.895828
-10.513420
-32.515988
-2.346441
-13.974300
2.535374
-12.985891
5.963811
-0.112985
-23.354938
-8.606313
13.611862
-15.439339
3.449002
-14.266184
-8.695344
-0.010827
-18.077393
4.157655
-9.041048
0.212688
-14.744816
-21.077974
-5.657785
-16.695776
-17.512753
6.179517
-4.760653
4.052807
2.648670
-0.620089
-24.478131
7.619825
-3.960669
-10.282239
-27.505208
-10.889416
-3.842247
1.179960
-14.100258
-1.087706
11.241571
6.096166
-13.616340
-12.242297
-5.304063
-4.655490
-14.570499
-9.986298
7.904936
-5.156307
5.107986
-21.226460
-16.517315
-15.758713
5.979414
-1.087899
-3.905344
-3.132789
-5.328573
-5.251589
-5.257742
-10.908464
-12.375816
-3.011019
-19.918076
4.448263
2.777476
-8.752827
-7.148305
6.003642
3.277415
3.463854
-0.957891
-2.137677
5.773418
-8.039281
0.836798
-36.071340
-5.386407
-7.405876
6.161312
7.328765
-6.623543
10.502549
-2.839336
5.747343
-1.806112
-9.256518
-5.657520
-25.339836
7.257443
-6.195295
-27.844443
-7.442620
1.658144
-6.796374
-6.825599
-22.782664
7.613154
6.467852
-3.393579
-19.960677
-3.751294
-2.602713
-4.366988
-2.183183
-2.021056
-13.748968
-13.131312
-11.836022
-13.755683
-5.768109
-2.192861
1.536005
-2.849781
-8.177987
-5.859548
-2.781192
-12.569860
2.171204
-17.648782
-24.611820
-0.356294
4.236581
-15.802219
-19.792577
-10.789796
-11.488331
-3.635587
-9.298382
-10.579250
-12.452808
-4.399644
7.311333
-1.428951
3.910041
-4.522176
0.788722
-4.034780
2.207948
-7.857084
-6.063695
-6.819360
7.219237
-8.759177
-4.754635
-17.871276
3.166323
-9.307967
-33.085433
-11.906254
-6.968725
-28.959803
3.278754
15.765287
5.440039
-16.187177
-25.674934
-13.419540
7.135940
1.584963
-2.900908
9.281035
10.837237
-17.265342
8.766015
-1.757798
10.215277
-17.902061
8.770659
-1.201277
-8.951431
-28.258323
7.089896
1.492179
5.837058
-6.646339
8.590637
-8.821142
-8.087733
18.913070
-15.071580
-0.933913
7.083824
-4.833324
5.185391
-0.672724
-10.250609
-6.821183
13.598857
-4.146321
-10.049217
4.724016
-1.796177
-23.265798
-0.351465
-13.942686
-14.173447
-29.626398
5.874424
4.700873
-7.055196
-4.118052
-2.793613
-6.075674
-13.177070
-6.083155
-7.273583
-20.410760
-26.139131
-0.050036
3.342697
-11.803479
0.572654
4.082760
7.361431
-13.225835
0.816041
-3.702089
-11.891049
-1.344409
0.259602
-9.597795
-3.455340
-1.721661
-7.162584
-17.229880
0.490162
-10.271862
-13.271855
-14.771613
6.543765
1.157091
7.048314
-0.327640
-4.073894
10.401731
-2.773290
-15.530450
5.797881
4.093804
-11.141366
-0.419494
-6.929209
-15.485944
-14.144957
-2.711092
-13.041301
-8.874506
-3.006279
-11.493826
7.134785
-3.815010
-16.283296
11.388057
-13.820771
-9.715740
-11.319040
-11.183912
-7.471536
-5.303425
-17.928296
5.452262
1.124084
-25.489884
-3.129677
-18.279314
3.605471
-23.627084
2.071719
8.266764
3.829135
-1.509739
-6.428319
0.196072
-5.510640
-4.729300
4.015259
-17.227879
-9.278809
-13.624819
-2.858435
5.849118
-8.885025
26.485170
1.843360
-14.744150
-3.112058
-1.245002
0.846559
-16.314219
16.872088
4.784435
-14.044040
7.600723
9.142987
0.398605
-2.063391
-14.656577
9.721567
0.949670
11.124678
-7.768633
-19.796959
3.628761
-18.005020
1.897368
-27.064409
-11.152689
-7.492910
11.118662
5.012819
-15.805368
-3.024827
-4.495160
6.647898
14.923622
-24.190789
-10.908612
-24.613635
-4.970235
-30.143011
7.260126
-12.746700
7.277667
10.051439
10.370221
-15.100854
-22.227120
-20.535334
-15.419478
-27.149305
7.914240
-36.065901
-18.088359
-0.581817
0.821882
-7.874576
-9.064198
6.096005
-12.314918
-13.008659
-2.897075
-4.595135
-6.033837
-4.907435
-11.488797
0.818097
-22.544278
-11.389946
4.474459
-1.204605
9.971333
9.023933
-10.902116
-6.626820
0.456184
1.983425
-5.583261
13.294744
-8.757524
10.650825
18.479743
-3.816123
-17.146093
-8.832467
7.815950
4.296634
11.297411
-0.095458
-22.358790
-2.335060
-4.245517
-7.285078
13.039959
-1.195398
-2.802508
4.740161
-2.829193
-9.617973
4.983825
-11.208951
-0.796912
2.825093
-13.998300
-24.014044
-12.708322
-1.761811
-5.311404
9.516206
0.534966
1.332861
2.855808
4.742232
-5.844153
-29.867476
-3.640492
9.889153
15.628093
4.539773
10.453035
-4.283989
4.886447
10.535519
7.969274
-25.342505
-7.038740
-12.661952
-14.596381
-3.012562
17.220563
-16.554499
-18.823866
-18.251833
9.607139
-11.900578
-6.169573
-24.029537
-27.136993
-5.745263
-3.230083
4.403916
-4.119062
-3.882297
16.752571
-13.275923
-3.690215
-19.403036
1.597838
5.826220
-18.771021
-8.098870
-1.468141
-8.425009
-12.136555
-4.745827
9.562121
-7.469578
2.248504
-12.970365
-11.308999
8.035295
0.547531
-24.500604
1.962356
-14.732485
-4.060593
2.382358
-3.263432
-13.414721
-8.112279
1.645535
8.816110
-10.420363
-15.060246
0.987718
-2.642967
-19.936843
3.064527
-5.962538
6.402986
-1.783783
-12.423862
13.509264
-3.807859
-9.175502
10.383700
-4.641821
-9.746720
0.622809
-3.665498
-11.849712
9.946169
-17.474093
11.433080
-11.017652
7.666813
-2.594928
-0.776157
2.498817
-2.231346
-22.624152
13.179930
6.454067
-14.344339
4.706328
-13.692849
-15.819391
-18.295064
-0.275458
-12.182155
2.862147
-12.272518
-9.483043
9.988510
-2.922274
-8.243665
-27.743338
-12.404425
-14.033308
-20.686947
-8.309597
-5.101655
-3.420568
-8.301327
-13.699941
2.533111
-5.079644
-22.910954
-22.595793
9.335924
8.797519
-18.734820
-21.433053
2.566655
-17.013645
14.161725
-9.909077
-12.998863
-8.447091
4.212151
15.995248
-4.664654
-1.451861
-6.531001
0.918157
-2.344439
-5.860638
-14.654857
4.783793
-16.669436
-1.275998
3.629350
-11.661614
6.181739
15.290638
-9.322812
1.639242
-2.354792
0.927740
10.000805
3.572296
-11.951777
-4.164342
-6.930946
0.364820
20.652656
-18.679033
9.541044
-22.091584
-4.146953
2.991902
-5.023300
-5.008695
6.086956
16.594139
5.307933
-10.489097
4.472426
-8.135676
7.713885
-22.685707
-3.259900
-0.824572
-11.797655
6.831762
4.964708
-8.377228
-22.060179
15.970533
-16.816500
9.763942
-25.731494
-6.681801
2.798874
3.694998
-12.399979
7.751277
6.059480
-1.509262
14.027747
-10.401828
-14.577966
-12.935984
-2.520485
11.592890
-7.590718
-17.085542
-10.505007
1.360252
-10.063117
-17.789715
-7.455615
-14.966862
1.169485
-9.143576
2.520907
-13.293988
0.004511
-10.106835
13.888201
-5.458082
-18.907948
-24.159352
-17.411153
-9.244969
-6.955974
-18.952521
-9.651908
-3.004320
2.004742
-13.539712
5.931022
3.919625
-4.843917
-10.309327
-25.787557
-26.464631
-5.593763
-5.129394
-3.717226
-18.633695
3.901439
-2.972067
7.254602
-7.130278
-12.190193
-32.337266
7.748617
5.386411
-6.590401
-8.273930
-0.760960
0.858857
8.343944
0.339850
-3.071904
-8.819079
0.169223
4.427014
-17.671606
23.743575
-8.994283
-10.973457
-13.476801
-9.222629
12.818315
-2.410973
-12.141990
-12.572324
15.274101
-19.486377
19.339281
6.604823
-7.835352
-1.082744
3.734175
0.393351
-1.516394
7.790293
-8.861526
-18.125700
-3.716264
-15.428740
-13.575361
3.835010
-7.849952
-0.249316
5.128282
14.246311
-14.914092
0.240088
-13.562388
-3.976562
-18.523622
-4.989879
-15.050140
-20.510271
-1.471200
-16.989956
-5.462680
-12.632700
3.006831
0.295384
0.678067
-11.203022
-21.966610
-8.631620
0.325194
-2.432542
-7.828863
-9.150929
7.256600
5.849554
5.014406
12.234307
-0.037085
-10.692599
11.248918
-0.153876
-6.964911
-11.689319
7.000290
10.348254
8.777255
-11.021569
-5.769036
-18.695102
3.970330
-12.851724
-11.883194
-9.460456
6.440766
-6.452526
15.028189
8.419483
-36.227517
-15.052382
2.815423
-1.380893
-2.990355
-6.372065
-1.090183
-0.002111
-26.495306
-12.978142
-11.166072
12.409152
5.915150
9.403233
-29.094123
-12.621218
-7.817045
2.138818
-16.772792
2.336203
5.710726
-8.870916
-9.660329
-13.904876
-9.874195
-4.462065
-5.461615
-8.395786
-0.841144
-6.035811
-13.154513
-9.557510
-13.733975
-11.750506
-3.716529
10.766988
12.754279
-25.444630
5.520857
-22.487455
7.353637
-8.512364
-2.941917
-11.807014
-9.056104
19.085906
2.275606
-7.270559
-2.554532
-4.151980
-15.905709
-6.838034
-4.079995
9.629901
-2.560140
2.479224
5.978414
-11.295900
7.371889
-2.386661
-7.080316
5.488171
3.748018
4.431081
-0.683778
-12.659427
0.692898
-6.801729
0.694160
1.541995
-11.628931
-1.063186
-22.354135
-10.972771
-4.593961
-2.071063
0.058395
-17.743386
-8.871038
-22.999639
-8.869215
16.638142
-13.002998
-22.193845
10.230651
-1.435722
-3.443270
-10.206666
-1.066324
8.153825
-7.029569
4.634640
-25.548703
-7.532461
-8.040951
5.361431
-1.271566
-3.820296
3.983090
-25.799753
7.230170
6.133733
-10.896574
-6.170553
17.867245
-3.377494
-7.894426
6.015106
5.199662
-0.551338
2.951901
-5.838072
-4.398030
9.038314
-10.805858
-1.242944
-15.158762
-3.174259
-18.540632
0.014798
11.632174
7.595304
-10.216543
-13.274431
3.656787
-5.886124
-5.701506
-8.364436
-0.504494
-12.175959
-14.352170
-14.724957
1.570252
5.381735
-9.077717
-3.308246
4.669097
5.243302
3.217250
-8.856205
-18.471636
1.161009
3.540707
-11.130282
-3.584732
6.379715
8.473124
7.085414
-4.771386
17.587638
-6.395821
-9.038169
3.036737
13.796511
-1.259450
2.832647
-21.902538
-15.219716
12.019259
7.395775
-0.658864
-0.848792
-6.702312
-12.700986
-14.634061
-5.685301
6.328637
-4.960730
6.122669
3.348056
3.692254
-6.559684
7.282254
-0.511553
-2.377789
-1.810010
-25.903034
10.628983
-13.851704
14.177628
-18.035089
-16.916566
1.002784
-15.818328
-11.332417
4.626852
11.173342
11.595336
-3.811297
-18.731075
-11.731358
2.333879
-13.356415
-8.612765
10.527332
-29.473564
4.281592
-10.505501
8.284329
4.354389
-15.163400
-12.940018
-4.934366
-2.001701
2.119832
-8.709223
-4.147364
-8.953850
-6.580279
-20.730464
-9.222289
-13.775128
-5.768880
-1.422939
-18.251811
-10.184490
0.924983
0.187045
5.563375
7.281788
-2.489559
-9.247633
4.254912
2.244224
-17.160835
-4.421084
-14.866269
10.010874
-16.564955
-16.461311
-0.074463
-0.662094
-1.855003
-3.020107
-0.225721
-14.698278
-16.449752
5.229857
-16.597809
-19.093612
-6.980412
-3.702678
-7.787358
-13.629183
-4.391115
-5.740889
-7.933351
-5.372988
-9.679449
-19.874494
11.419042
-6.521539
-20.223973
6.277179
-2.612558
-12.706422
4.291827
-5.946243
-23.002391
3.592576
-17.907647
-14.921411
-2.407299
3.699188
-23.710922
-11.067902
-5.673355
7.395338
1.212192
12.585923
4.929707
-4.653324
0.655015
-0.027461
-24.374067
-7.290897
4.601869
-10.731063
-10.733449
2.250927
-3.865720
-8.296572
-14.405890
-1.544591
14.933794
9.895622
-5.383441
-0.678429
5.945967
-25.165014
-8.610875
2.489249
13.212114
-8.862521
1.416326
-6.145244
-5.861313
-11.274435
-15.811867
-6.650518
5.256651
-2.281618
-7.381175
-4.628854
3.332659
-10.175859
-9.794491
-21.604180
9.725494
2.170458
-10.298682
-7.002665
-7.081348
3.193450
-1.143676
3.824320
-13.146500
-9.693286
-0.914741
-16.636734
5.553508
-7.451698
-3.211418
-23.620841
-0.401550
-0.238349
-4.211270
-8.192850
6.331238
-15.512057
-1.269890
-5.954064
-4.100576
9.089057
-0.933329
6.761350
-2.025988
2.350630
-0.923560
3.967976
-9.323053
-7.331058
-1.457519
-2.483716
-0.987050
0.226207
-17.310350
3.700533
-13.267453
1.352595
-11.528568
-4.065287
-1.708974
-8.461276
2.395132
-8.386977
-1.750189
-5.246059
5.494145
-2.971013
-11.874000
-12.264830
9.651560
1.983975
-10.705492
-2.800962
-17.901284
-1.372033
5.465567
-3.370075
-0.891541
2.111405
-17.214948
-3.894193
-0.072686
-6.794760
4.543826
1.622983
-15.603934
9.927275
16.158358
-10.463940
-0.108280
4.874217
-9.785461
-6.024765
-25.190787
-6.485627
6.929575
-5.677160
11.300363
4.085108
15.781061
4.580144
-3.220707
-7.595646
-10.154015
-10.863341
-24.814814
-9.170215
-7.404214
-6.537817
-5.248827
-7.430120
-9.355270
-9.102499
-3.956667
-3.976251
0.225753
-9.506557
0.645148
-9.538195
1.361171
-10.133077
-8.660828
20.668510
-15.258515
1.537045
-18.368022
2.775690
-10.612287
-27.946606
-13.088418
-7.699625
-9.248351
6.917260
-11.190719
-5.708328
-20.931153
5.013147
-10.672959
5.166227
-13.115794
-22.655753
0.218551
-7.623563
-8.733138
19.877657
-14.613688
-0.023168
0.788946
2.550881
-1.180838
1.220659
11.869353
3.896571
2.117772
-0.717756
-7.723998
-12.057295
-17.677634
-6.272718
-2.852838
-11.673652
-13.916294
-4.690520
-0.294445
-6.668392
-15.747312
-2.930131
-14.397207
4.778178
-10.800153
-12.087962
-11.597250
-1.519744
-10.114344
-10.039805
-12.941928
-4.441054
-19.199065
-5.539632
-16.121457
-10.652438
-9.238410
-6.204204
-3.938589
8.757278
1.311322
-6.401709
5.575374
-49.642644
1.919450
-6.668034
-6.125819
-19.808590
-2.607258
-5.657318
7.065577
7.554407
-13.748238
1.395296
-13.756900
-3.091215
-18.004731
-10.426394
-11.444910
-3.869841
17.406998
4.962761
-5.455227
-7.395002
2.300932
-6.921025
0.324480
-5.822324
-10.954695
-1.603045
-4.461108
8.710514
-13.371220
1.368732
-14.650191
5.330148
2.792927
-14.420078
7.379406
-25.799512
-5.178433
-11.764576
3.497920
-2.352134
10.758507
21.266009
-1.737120
-8.434753
-6.096447
-2.141208
-13.502123
0.274592
-2.494588
-9.578797
-20.167975
6.256480
-6.026515
-12.646178
-3.584830
-15.205920
9.466716
-11.665522
-2.592772
2.483492
4.710224
-14.555606
1.420469
-9.028236
14.467557
7.791588
-11.722551
-1.309587
-15.261036
11.276598
-1.407677
-6.488044
-7.401482
4.937989
-6.998749
-10.024995
-20.816068
5.651070
-11.325642
-15.583680
-14.270498
-14.639403
-17.193830
-7.014750
-6.178138
-12.932364
-1.603277
9.831452
-5.755268
-14.332563
-22.764450
-7.114220
-1.784071
-9.353577
14.241539
6.161427
-1.683491
-5.401974
-28.454046
-3.427802
-1.243347
-15.046023
-2.647616
5.341502
7.146044
5.893205
-14.916632
-0.669039
-10.148228
-0.346665
-5.956495
-5.032900
-1.598649
3.327468
20.533667
-0.402835
-5.971673
-11.548742
6.585222
-10.745745
-6.703298
0.658322
-0.998454
3.905483
-21.271396
-25.396279
-9.691833
3.649794
18.107925
-14.010524
-3.268567
1.875086
-5.333943
-1.866785
-10.924588
-2.781533
-6.978398
-16.615427
0.520419
13.848325
-12.798616
-18.296788
-4.772582
-7.627979
-13.589388
-10.020242
-21.395477
-20.315436
2.284486
10.117734
-2.846564
7.189826
-8.292530
3.968059
-3.178344
-16.235815
17.100211
-0.847296
-16.819579
4.759854
-7.361505
-1.276385
-10.118284
-1.040215
-2.984427
-23.119316
15.150121
-10.710864
-22.743793
-11.462493
-19.849752
-0.857377
-1.615923
-1.132824
-0.647465
-2.924913
-19.014658
9.372512
-10.188147
19.206561
-2.167462
12.274115
9.986925
-21.368329
6.499181
-7.031316
6.284689
-12.786794
31.576372
1.337950
-0.339670
-10.990111
15.479813
-0.789815
-11.357267
9.052680
-10.192837
3.043954
-1.697950
-25.034098
-2.692306
-1.617250
0.957923
1.550197
-9.997598
10.223001
-8.941628
5.549899
-0.839003
-16.191844
-21.459950
-11.258587
-7.735817
-4.095798
6.223636
3.106619
5.458004
-0.984417
8.759836
1.235321
-9.699379
-9.856471
-9.785120
-7.407477
-5.143363
-4.520569
-8.193544
-0.198208
1.643442
-14.275778
-24.791862
-2.854110
-18.094544
-10.361673
-17.009667
-12.835543
-5.503871
-3.542394
-7.220309
10.459567
5.967158
-4.316999
-8.499165
11.181904
-16.151536
6.364362
-2.604634
-1.354703
-7.674829
-18.861164
-2.785007
-8.410163
19.286539
-15.190996
-3.904862
-4.417332
3.751523
-12.718556
-2.192324
1.814939
15.894311
13.638471
4.757695
3.365118
-2.471170
-4.962497
-7.098056
11.250750
-3.575736
5.225752
8.841455
-11.965172
-9.508746
-12.787084
-10.804466
-4.659841
-4.444044
-21.766340
-1.960685
-0.701546
-23.747357
-28.016964
-10.678299
-0.925250
7.282868
-17.826857
-2.272990
3.817234
20.965160
1.331915
4.513608
4.869278
-9.010288
14.478303
4.563964
-12.812479
11.971505
-7.367015
-14.816162
-2.052029
-11.426004
-19.171930
-0.765910
1.462579
-9.175849
-1.852479
18.755663
-6.326815
6.611571
-4.202963
1.223222
-3.716198
-1.866212
-11.979047
-1.805637
-11.620760
-9.194900
-7.864256
-15.532095
-0.216964
-7.264034
-1.680434
15.814743
-4.985424
-7.733473
2.695328
-3.261071
-2.225137
-0.711560
-10.062381
12.714658
-1.975124
-17.985173
-5.494725
2.904946
-20.067565
-4.492590
-0.131273
-17.784778
-8.662195
-10.440073
-10.942923
-2.294202
-13.290833
5.580807
-19.251306
9.511851
-24.411233
1.612021
20.055256
-3.053578
5.452335
-0.224811
-21.260221
-6.551697
-1.083786
-2.000977
-16.768143
-4.706379
-7.576343
-11.975473
-17.754823
-0.068209
12.310537
-14.014450
24.452413
-10.404564
-2.772545
-8.931767
-13.076732
-18.060812
-3.721602
2.216030
-2.894677
-6.402103
0.297899
-18.961381
-9.195380
0.013547
-10.991876
-11.195151
-6.399770
-3.730394
5.652615
-1.203905
-5.437502
-16.186656
2.439197
-16.377267
-1.860327
-19.188606
-6.422702
-13.779012
2.140271
-6.083901
8.281730
-0.898248
2.894719
-17.556481
-8.150445
-2.760342
3.825354
-21.467917
1.562419
-4.605233
-7.791240
2.606048
-5.520264
-9.550782
-13.271449
-12.291877
-3.618319
4.475101
-7.246720
-11.265695
-9.068147
5.934138
5.807826
10.615670
-22.508194
-8.042717
8.860613
11.640729
-13.314876
-2.614807
9.358657
6.969374
-12.100331
-13.370848
11.287332
-7.094492
-2.703872
0.263834
-20.992979
-16.030893
-8.655512
-8.762684
-23.916949
-9.305248
6.994854
-1.215952
-20.725229
-5.051451
-2.397791
-3.217549
-10.178150
8.859982
-13.807349
-4.057543
-9.630022
3.771911
-10.264386
3.801267
6.240325
7.885572
-18.421794
6.606986
-15.289943
-10.892806
-15.407094
8.083130
-3.793482
-9.556800
5.020078
12.259519
-10.986840
-9.562173
-12.408968
-4.669372
-5.527912
-12.925790
-9.593250
-4.419987
8.348256
6.469661
-7.324168
-8.761433
8.521623
-8.244531
-11.178992
3.473670
0.968775
-15.061082
-19.378240
0.580969
-8.217530
0.963900
1.624504
4.927499
7.080893
-16.135985
-7.339712
8.433778
5.216448
-10.830848
-7.929230
8.289971
-10.586580
2.876862
0.722239
-18.458425
-9.502183
1.592946
-7.351478
8.796572
2.678966
15.024772
-1.114273
-6.897541
10.318037
-13.418338
0.890697
-10.119820
0.007230
12.115104
-5.870819
6.088576
-15.123984
-5.322510
-12.501758
5.803261
-8.813911
9.738606
-3.506564
-5.308680
-9.144465
0.926629
-8.643219
-14.730963
6.796739
8.914943
-5.900410
-5.549620
-2.395887
-13.192970
-7.464147
6.622937
-10.886877
6.433164
1.749275
-9.828355
-4.550307
-3.175893
-18.779996
-2.582129
-16.910067
8.171343
-2.516388
-5.480432
9.462206
-9.619728
-3.601166
-13.449235
-5.251058
21.831834
-13.613346
0.149655
-5.441498
-4.346276
1.804614
-2.602440
-15.541418
-8.832248
-12.754009
13.602039
-8.192707
11.195637
10.609851
-5.711948
-12.435466
-11.186623
6.835782
-11.315745
21.138955
-9.358992
9.490226
4.482675
-6.212584
-7.193468
-13.942010
-15.487594
-10.360311
0.960923
-9.943144
21.948991
-22.522899
-6.869410
10.506203
-6.070796
-11.316049
-11.317294
-11.051430
-9.796907
-6.392522
-5.873142
-7.364083
-9.164055
-17.132376
-3.736823
-0.737844
4.406111
-3.933017
5.544051
7.657329
14.568905
-6.506261
-10.523415
-9.778137
-7.015562
-1.210950
-10.326946
-13.235215
3.665141
-0.192869
-4.625241
-5.999720
-1.050533
-3.367182
-1.454196
5.102607
-2.811866
-5.025658
-12.257706
-9.949825
-10.728313
-1.544238
-8.757783
-4.821798
-1.991632
-3.811524
-20.997945
2.136804
13.892284
3.796288
-10.534802
-7.101500
-11.843469
-1.252456
-12.071213
-3.088211
4.087002
-20.223122
-15.310856
-3.510275
-14.590787
-6.675698
7.164398
-11.855585
5.656474
-12.608415
-0.918178
-11.979322
-9.382645
-8.187019
11.830436
-5.108755
5.025685
-4.871132
4.921258
8.579423
-14.884114
-4.104755
5.600454
-7.910054
1.340717
-14.474589
2.378605
-20.967393
-14.804145
0.256982
-7.232498
-4.728981
-7.531550
-14.158015
-4.573507
-3.137090
5.865859
13.953849
-16.536664
-22.352575
-0.695000
-12.115380
-16.725305
-1.373178
-4.825977
-14.794882
19.011414
5.565603
-21.640002
-10.854503
-3.929967
2.800761
-0.412660
-20.336318
-13.584201
-15.440165
5.754132
-14.584111
-11.494829
-4.834919
5.219139
-2.146836
-4.133586
-20.076032
-18.356105
-16.611984
-9.290530
7.717210
-11.785052
8.543454
-14.438653
-5.256178
0.419555
-9.025468
0.937809
-6.924166
4.157542
5.017002
0.533778
-8.645026
13.293101
-10.862219
1.741331
-13.837986
0.505958
2.681056
2.275904
-0.869162
-2.051386
-19.042966
1.396713
-8.553656
-12.861945
-19.631624
7.152556
-10.144458
12.949279
-2.470601
-14.454157
-8.079939
-13.958570
9.884533
-7.783748
6.863899
-16.608475
11.064705
-10.182675
11.556741
-8.045234
-4.241328
-19.244228
-16.311364
-11.183318
9.082869
-16.748600
-0.547487
-25.352521
-29.318881
-6.913464
0.123632
-10.877296
1.289172
-9.157568
-7.163995
-10.925592
-19.636904
0.061621
-12.577581
-10.668356
-5.936481
0.262699
-13.429801
-3.019107
-2.743525
-9.317947
6.396715
2.628035
-3.172634
-9.662458
-12.181647
-24.663923
9.180933
4.393870
-3.691566
-5.960769
-9.395088
-2.997877
-12.342677
-0.392732
10.051747
-14.856315
-3.330073
-7.738932
6.224706
-7.539843
1.455701
-0.737051
-9.014425
1.918976
0.196882
-3.025947
-5.445964
-3.087494
-8.870136
-8.292342
13.727376
-1.658710
-16.217346
4.300179
-9.296746
-15.894543
0.662945
6.157465
-15.489769
-24.121284
3.392469
-12.151322
-11.128766
-1.375220
-23.473978
4.434621
-26.709655
12.768979
9.207260
-1.353147
5.019596
-4.226643
9.124498
-2.949946
-30.572236
-3.787654
-10.297082
-26.292550
-13.142997
0.541500
7.014647
-15.577127
5.762951
15.719727
-3.276815
-25.044523
3.338675
6.084100
-6.444229
-9.850842
-0.595642
-10.117903
-0.846597
-1.095755
10.961796
-16.386637
-3.743911
-6.108826
-5.041190
-2.110207
-17.749356
-4.480037
-9.461837
-1.448001
14.164645
-19.469294
-11.241857
19.591519
9.553504
-8.473141
-8.630402
-11.357844
-13.494045
-5.039523
-7.893548
4.637102
-5.214888
-7.711703
-13.293427
-6.880538
-22.512313
-8.702936
-21.637435
-2.247565
-6.230340
4.378677
-10.028724
3.807092
-22.319343
-5.561106
-4.329723
-1.330034
-17.705889
-7.036224
-3.233968
-4.162504
-13.120524
-4.443721
18.669122
-15.487438
-6.616079
-8.441668
-10.004572
0.949943
-11.848878
-1.090591
-18.861458
-13.764145
-6.244856
-6.553537
-5.177575
-15.014389
-14.664960
-9.374745
-6.955682
-2.144171
-8.075425
-8.557689
5.047706
4.926728
-24.467359
-9.513884
-3.967997
-9.330955
