5000
20.295576
23.619068
23.154085
22.606793
23.274186
21.039810
24.318566
23.561271
20.377847
22.527830
24.061665
22.137409
20.296167
21.777338
22.647593
22.888467
20.710117
20.850888
21.577223
23.394316
20.404664
20.260187
22.036738
22.436094
20.290372
21.300125
21.734354
23.078517
23.928775
21.814896
23.021373
24.297329
21.809517
21.101203
23.736124
24.467678
20.182045
22.766013
20.800582
23.588224
23.682834
20.477381
23.956891
20.857617
22.036811
22.358649
24.416682
23.257902
21.351512
20.893293
20.564716
20.866176
21.417339
21.599306
22.825853
20.929326
21.171859
20.883390
23.641603
22.565872
22.239097
21.006665
20.146145
21.389961
21.841287
24.101905
23.042991
22.908802
23.648205
21.270611
20.110769
20.877347
22.667552
24.641725
24.303503
20.763997
22.762172
24.157317
23.711190
24.154143
20.936882
22.754808
22.216129
24.060308
24.064742
23.073348
24.567715
21.707351
21.427606
24.962388
23.044848
23.129661
24.491197
21.258868
20.845469
20.078209
22.235547
20.102542
22.361674
24.502571
20.736997
20.948072
23.409037
21.975794
21.668716
23.968995
21.222486
24.321209
24.053585
24.885925
24.154064
23.268596
21.682153
20.001112
20.815945
20.937291
24.158066
22.771184
23.414437
22.666357
20.122834
23.615380
21.133241
23.694504
23.392870
20.424059
21.028303
23.086619
21.398640
20.815836
24.211714
23.381920
20.101835
20.110290
21.631912
23.083993
23.090242
22.050981
23.938502
23.420817
20.365253
20.741859
23.468100
20.984920
21.262972
21.370059
22.668465
21.126906
20.653867
21.540162
23.980691
21.156080
20.782799
23.716057
23.760006
21.301698
20.598904
20.250331
23.594428
24.057110
23.585748
22.640508
23.803660
21.220785
20.308360
20.007157
22.363155
21.085467
20.755724
24.743629
21.687572
20.208958
21.264252
21.790955
24.196503
21.232228
20.169169
20.008372
24.448417
23.349063
24.917064
22.765295
21.747153
24.585503
21.147890
24.460502
21.495800
24.942660
23.837057
23.952666
23.973154
20.362266
21.541832
24.197692
24.711924
22.606937
21.236437
21.501397
21.553770
20.336461
20.418281
21.493961
22.778714
23.652354
21.025721
20.466888
21.346100
23.338249
21.999405
22.912786
21.099244
23.014641
22.371052
22.520896
21.547496
20.109718
21.731174
21.907116
21.324838
24.666406
22.568820
24.294587
21.199085
23.644802
22.343318
22.183298
20.603171
23.400076
24.764754
20.263526
20.830137
22.882255
21.154500
24.798841
20.147727
22.244099
22.513695
24.425189
24.206059
22.494532
21.619368
22.373798
21.466509
21.479596
21.493919
24.956859
23.631880
21.951670
23.182506
22.882395
24.766189
20.507344
20.647026
21.730720
24.016945
23.438074
22.503605
20.283539
22.323708
20.899392
21.920260
21.772516
21.812249
21.233210
23.768720
21.260356
21.808507
23.549447
23.551103
21.316265
22.215753
21.793223
20.576172
24.920594
24.471404
22.425641
24.681175
22.113481
21.935501
24.514303
22.921722
24.882841
20.450048
21.256967
21.947669
22.542634
20.448654
22.220552
21.297927
23.633290
24.860422
24.648984
21.886147
23.259979
22.963871
24.089479
23.891695
24.461294
24.101087
21.980275
20.833257
23.725207
22.841460
23.621925
22.578311
23.705157
24.074762
21.256486
21.213406
22.341354
24.390614
20.534347
24.465407
24.312039
20.394276
24.607640
21.936637
21.371315
23.524013
20.682596
20.378940
20.516151
22.972686
20.018280
23.359995
22.130931
22.812208
20.056363
22.839146
22.311461
21.209054
20.893527
23.588065
22.449534
20.302579
24.462022
22.897380
21.663346
20.678799
20.027611
23.219433
21.520271
23.325881
23.461290
22.323051
23.242939
22.428402
21.595569
21.657848
23.710052
20.552235
20.553532
20.103434
21.053463
21.996436
22.884764
21.668410
22.683763
23.523566
20.426049
24.532514
22.628629
23.450720
22.934073
22.300855
22.346811
23.396129
20.212581
24.273323
21.110886
23.871394
20.389623
22.018836
22.275798
22.444811
23.643207
22.436734
24.423944
24.967109
24.269761
23.243137
22.248087
24.081906
23.182624
21.203307
23.979207
21.560447
20.573319
24.570789
24.055764
22.339953
21.515732
20.825210
20.775798
24.764491
22.977856
21.502875
20.512609
21.554039
23.650265
20.105396
22.803319
21.366569
22.308102
23.720786
20.359821
23.585340
24.480019
22.728184
21.345291
24.246390
22.745586
23.863140
20.994036
24.963828
24.755187
20.573432
24.050318
22.449041
20.838115
24.136368
21.679101
23.991195
20.218803
23.481317
20.210266
24.434461
23.063952
24.538864
21.163324
23.010335
24.886059
21.270270
20.636363
20.166888
20.154812
22.411064
22.165301
24.809098
24.910863
21.999732
20.937567
20.799551
22.535362
20.162529
20.690441
24.910672
23.040486
21.252617
20.853915
24.894641
24.662231
24.048423
20.015685
20.974339
20.984561
20.125321
22.066763
20.427180
24.228869
23.168553
24.040826
22.795156
22.999381
24.224529
21.116243
24.901765
24.898695
22.928339
21.080340
21.014299
20.831777
23.616753
23.723817
21.180947
24.659143
22.367989
23.335532
21.272849
23.474689
21.470698
21.329846
24.713443
23.780390
22.460467
22.954678
20.812060
22.098669
20.360391
21.935672
22.805175
21.919605
23.180147
24.366186
21.803366
24.379420
21.686662
22.687979
22.339548
22.015546
20.329997
23.488648
21.590901
23.491176
23.670497
24.136988
23.852783
24.113971
22.598081
20.177230
23.556362
24.648376
24.437554
21.586639
24.157547
21.305376
24.550900
21.983986
21.262288
23.584857
20.745987
23.237469
23.984079
21.562030
21.448442
23.801940
20.677252
21.035260
23.067587
24.677399
24.626812
20.925023
22.150108
20.726630
22.908166
20.290712
24.838817
22.196139
24.431356
22.247329
21.286002
20.995162
22.037302
23.725053
21.450112
23.441495
24.957316
22.288290
23.921424
21.682864
22.525617
20.702664
21.722432
20.266788
20.313478
20.744453
21.296592
22.501746
22.135586
23.672358
21.030787
20.223941
20.642494
24.572651
24.691672
20.851981
21.671510
21.311924
24.258030
24.940550
20.274261
24.363316
20.092549
23.949051
20.010816
23.771527
24.427250
20.703041
24.738264
24.741732
22.027346
22.868329
21.171004
23.887677
23.117552
21.303694
23.745231
23.725808
24.113012
23.186185
23.367151
21.680731
20.850543
20.748883
23.006440
21.970041
20.724366
23.338644
24.732864
20.047050
20.095373
21.159778
24.344307
24.834087
24.035461
24.251241
23.023155
22.429211
24.577433
24.429757
20.843043
20.004875
23.931986
23.368246
22.934367
24.787145
23.770640
23.130950
24.542725
24.477502
21.461598
21.220131
22.077701
21.478985
24.181072
20.067726
20.482718
20.160819
20.127071
22.063476
20.403025
23.036816
23.104422
21.723968
22.973645
20.353406
23.652356
23.754518
20.382862
22.217940
21.172665
22.464905
20.880464
23.704129
23.049645
23.298847
20.954865
20.044663
23.331843
21.602050
20.366604
20.859079
22.711133
22.177981
20.669459
24.454443
20.644658
21.261264
23.163950
21.650471
20.122634
24.895838
20.608779
21.296711
20.015554
20.938567
22.347054
24.344917
24.748739
21.434783
22.018455
23.027033
21.873901
21.953730
22.564198
20.433090
23.813229
20.269340
23.447266
23.041616
20.788281
24.516026
22.690545
20.961966
21.817161
24.463850
24.943181
20.316792
20.545007
22.383484
21.081779
23.566867
20.704155
21.008801
24.046527
23.796915
21.453991
20.032981
20.830540
22.894324
22.887655
20.173050
21.868268
22.074689
22.193918
21.420915
24.648417
21.437750
23.418085
20.733461
21.381334
20.951948
20.302040
23.375697
21.200418
21.355011
22.575808
20.255065
20.841525
20.993599
21.848296
20.823669
22.091181
20.176443
22.083383
23.527152
21.319552
24.951470
24.284582
23.210766
23.973567
22.776476
21.450118
21.234288
21.262553
21.428898
23.077439
24.856281
23.876020
22.952472
22.891569
21.136838
20.893066
21.496336
20.022085
21.675626
20.805288
21.044036
20.125491
21.682987
21.684283
24.632999
21.435268
21.509989
23.645186
24.844077
20.548453
21.176768
21.983998
23.513294
20.522150
23.215451
24.713403
22.209072
23.589203
22.091764
23.737479
24.956166
21.978679
23.209025
22.137599
23.830783
23.559730
20.448028
20.763317
22.831251
22.940991
22.507375
24.890049
22.519090
22.191667
23.015419
20.562297
21.123338
20.307024
20.001717
22.799430
21.985076
24.441202
20.604232
20.459352
23.224649
23.827843
22.894368
20.690161
22.103326
24.110358
20.245300
24.993565
22.454981
21.240396
23.079357
24.183571
22.558295
23.279938
21.649268
22.257288
24.916544
20.316878
24.101713
20.514174
24.017459
22.710240
23.270055
21.885975
22.169037
22.539112
24.422005
24.138594
21.425352
22.179185
23.091851
21.840998
24.598500
21.135054
24.844372
24.477031
22.867369
20.239098
21.664480
21.458369
21.348233
23.621756
23.972527
21.842088
21.174419
24.526061
24.795419
21.980255
21.106506
24.075016
22.325413
20.212856
23.874181
20.188167
24.563644
24.241515
20.145619
24.952524
22.403873
24.221915
23.235733
20.592998
21.549677
23.617599
20.044371
24.156183
20.725233
23.672102
23.670379
23.907150
22.917111
24.473393
23.031977
23.785527
24.011592
20.162683
24.489218
24.004491
22.240618
24.640995
20.858110
20.163713
24.253659
20.905791
21.813856
21.764548
22.300747
20.909002
24.680790
22.811921
23.499930
23.156938
20.580041
22.084192
24.031818
20.474421
20.356639
20.331789
23.226502
21.204925
23.535471
24.147274
24.761938
20.159787
20.733528
23.503821
22.078209
23.088130
21.169787
22.435748
23.342257
23.701882
21.136740
21.217486
24.932200
24.863065
24.747601
20.057559
20.001244
20.488638
22.157433
20.806093
24.436029
21.769375
22.014963
21.590811
24.805267
23.262116
21.680048
24.398305
21.005323
24.498763
24.539269
22.185838
22.500088
20.925766
24.875255
21.594661
20.234855
24.993072
23.060599
21.289984
21.349899
24.803114
23.496150
23.601970
21.922375
20.532144
23.391776
20.941294
24.469027
20.482798
23.453187
20.572093
20.425301
24.370750
21.271162
23.238250
20.706724
23.509568
22.254090
24.211769
24.142664
21.504578
24.565210
20.784010
22.195378
22.722852
21.005393
22.078719
24.238709
20.138833
21.692912
22.636192
22.960831
21.115574
23.414666
20.970427
20.865216
22.137562
21.530753
24.126192
21.898396
23.908401
20.998716
20.718708
23.135969
21.476583
23.440228
24.738275
23.919706
22.004034
23.691706
21.821726
20.317595
22.933735
22.503540
24.543292
22.314295
20.830292
22.518726
23.419299
24.370152
24.799963
23.999350
21.301447
23.518711
20.024948
21.732504
22.928155
20.466399
23.604560
22.262904
24.815687
23.615499
20.485854
20.093813
21.585566
21.538884
21.833935
21.987045
22.705965
22.691381
24.267841
20.897158
22.432898
20.658030
24.557574
22.836246
22.652302
21.094001
22.616168
23.203370
22.122997
20.712481
20.130136
22.245307
21.300472
23.500352
23.669503
23.920273
21.952554
21.375123
20.669507
22.056972
22.203104
24.646999
23.534096
21.761523
24.378947
22.765907
21.303520
21.564884
24.460814
24.485238
23.532396
23.808779
21.379177
23.092617
22.419094
21.633656
24.550512
23.330951
21.673712
24.856812
21.678268
21.900406
21.680565
21.180605
24.918105
23.739955
23.806775
20.776007
24.204348
20.384455
21.366491
24.457962
21.124822
21.399664
22.895137
22.577403
21.036586
24.648462
23.295317
21.409805
22.841807
20.943700
22.942227
20.764861
22.679803
22.197621
23.032815
22.312921
20.457196
24.621240
22.974831
24.570597
24.400496
21.871502
24.199278
24.590474
22.448677
21.691096
20.717739
23.401539
24.246345
21.922853
22.490404
22.366911
24.895777
22.984650
24.662952
23.930342
22.551691
20.848772
21.666391
21.871742
21.281456
21.679882
20.412037
22.748397
24.043970
22.756632
23.684642
22.420146
24.064695
24.765723
21.845074
22.080738
22.921225
22.349681
20.472506
23.587758
20.846859
21.531405
23.031549
20.812346
21.142080
24.984368
23.003999
23.154680
24.702152
20.174983
22.202798
23.580258
23.702643
20.714639
24.862510
23.045142
22.725279
24.932413
20.532251
23.988630
20.615793
23.001798
22.668625
20.303531
23.399567
20.222627
22.411741
23.427934
20.903471
23.548243
23.716184
22.253717
22.312131
23.881883
23.040955
21.117060
24.766996
22.905939
20.758659
20.911159
22.284254
20.344399
21.153304
23.510338
20.036557
24.250006
24.774129
20.439497
21.049678
20.645164
24.577355
22.976982
23.814513
21.048185
20.324389
22.801311
21.523687
23.708245
21.957416
23.538879
23.424599
23.336305
23.106544
24.289347
20.873025
21.941412
21.369283
23.277733
21.791165
20.775249
21.930668
24.204856
21.144400
21.646635
23.279288
21.250065
23.847432
22.166293
23.116613
22.511888
22.720589
22.354613
21.662834
21.764774
23.041722
24.537651
20.010589
20.987217
21.717841
20.054038
22.690233
24.979358
20.379561
24.031000
23.391687
21.011113
23.216407
23.587693
23.016329
20.288153
23.980601
22.124608
20.637388
22.894355
20.197423
20.518674
20.927700
24.995484
23.824728
21.370605
23.774970
24.253437
21.829785
21.643124
20.449607
23.695172
23.435970
21.886504
22.261933
21.608678
24.666105
23.232625
22.390689
21.577342
20.032833
22.581193
21.028668
22.888570
24.914886
22.560487
23.275532
22.498048
20.365780
23.956645
20.947615
24.491814
21.233216
22.694374
20.764933
20.023950
21.011281
24.563262
20.913624
21.321138
20.157255
21.192992
21.958975
23.429062
21.195659
20.684504
23.004409
20.167174
24.420930
24.688480
23.187006
22.416323
23.513590
23.433345
23.066224
21.750589
23.981751
22.681741
22.592998
23.837061
23.552329
20.317530
23.671019
21.634876
23.699337
21.744959
23.302172
20.220457
24.110958
22.143537
20.675933
23.248757
20.358511
23.233298
23.238661
24.045682
20.323356
21.527755
20.019306
22.070911
22.064941
23.218504
23.579401
21.338944
20.290814
24.208689
23.949712
21.932778
20.991607
22.501820
23.122879
20.024533
22.281298
24.320441
20.941355
22.271948
23.632906
23.635797
22.229796
20.458706
23.680481
23.432156
21.011698
24.940609
22.182529
23.642940
24.623917
21.921457
21.931736
21.090427
22.091060
20.593828
21.047889
21.503147
23.899008
24.953968
23.389103
21.153535
22.126265
20.661483
21.237161
20.951558
24.524601
21.566594
21.400738
24.939398
20.839453
23.665569
23.914357
21.550422
23.373847
21.349114
22.349331
23.104537
20.100026
21.357164
22.195133
20.662741
22.621221
23.029348
23.093933
21.824257
20.898324
21.491369
21.366068
23.891669
22.037014
23.479011
21.753860
24.439214
24.391624
23.725128
21.544141
21.180908
24.817008
21.154250
22.515969
20.424255
23.619668
24.453311
21.199115
21.101889
24.811203
24.426967
23.937575
23.619887
24.969758
23.592833
20.349242
22.378466
21.124425
21.713037
21.069083
24.149226
22.409226
20.831828
21.717054
23.572170
23.204496
24.939959
24.459758
23.175147
23.778435
23.095324
21.412666
23.985814
22.987693
21.412569
24.089243
23.934806
21.598823
23.871376
23.639441
20.758824
24.200056
23.273300
23.684795
23.066952
24.681178
21.853825
23.443182
24.415355
22.173256
22.678448
20.346732
20.781969
24.849323
21.193457
21.659412
23.592809
23.483376
22.149860
21.592499
24.195333
23.231973
22.028726
23.558778
21.109110
22.548979
21.143473
21.503347
24.940492
20.239966
24.809843
22.620693
24.786581
20.571327
20.997194
24.780479
22.945806
22.380325
21.844578
22.606258
21.309111
24.492438
20.706005
22.412161
22.479877
23.159087
24.745021
23.530681
20.732649
23.008998
20.219143
23.540416
22.667405
21.405720
22.784058
20.612004
24.933790
21.893891
22.977486
23.861014
23.465307
24.642168
24.030303
24.804022
24.064198
21.591341
23.926798
22.880860
20.420149
24.962610
21.495664
20.883512
21.834036
21.109897
23.399698
20.490471
20.305895
23.335340
22.337601
22.155920
24.573218
21.022506
24.591951
21.492125
22.020629
24.570686
24.318856
20.544835
24.982440
22.002711
22.857086
22.234445
23.619165
21.677339
24.242221
20.959020
21.828774
22.259256
23.798180
21.993385
24.158678
20.050495
20.823887
24.509820
21.675249
22.845987
20.103143
23.460059
21.027459
23.037692
24.870684
22.038565
24.227018
22.738127
21.344579
23.326459
24.076387
24.922502
20.876728
24.026729
21.420988
22.508139
22.306435
21.833001
21.737808
24.577943
22.152831
24.467744
24.441736
20.694872
21.948673
21.548218
23.410928
22.351018
23.243913
23.624019
20.451781
24.452776
20.184513
23.594910
21.528933
20.838749
22.972546
23.597918
20.948813
22.899221
23.970831
23.948589
22.882222
21.740050
23.276230
22.139969
21.221581
20.784241
22.930389
23.284476
20.449423
20.174439
20.752380
24.505531
21.169452
21.582855
22.244363
23.615102
24.349759
20.090207
24.625638
23.850009
23.254301
21.879317
22.596371
21.567016
22.899824
22.289278
24.412095
20.987856
21.781788
21.696486
22.784375
23.189074
21.531062
24.797047
24.395852
20.571340
23.275574
21.045209
20.347500
24.238228
20.954968
21.706023
24.393965
21.863555
20.332035
22.213576
24.823648
20.228252
21.252084
20.937958
21.981473
21.389916
23.769735
23.740173
23.709649
21.694214
21.195861
24.132075
23.170967
22.881859
24.744854
20.341020
20.413287
20.184030
22.158453
21.347761
23.201602
24.197051
20.501511
20.943974
24.917500
22.116124
20.975302
21.200425
24.555319
24.846886
20.856110
21.697417
21.543672
23.699147
21.090845
22.936292
21.813090
23.042179
20.328577
22.538793
20.685346
22.779981
22.400498
23.040179
20.114795
24.718134
23.728650
21.702767
22.513211
20.417119
24.285414
20.193867
24.404407
21.938960
23.836599
21.066034
20.992799
20.735645
22.145166
22.075774
22.772595
21.148317
21.267393
24.953727
21.165953
23.336918
21.551386
22.573175
24.776587
21.891910
23.300341
20.056262
22.252762
23.504729
21.101325
21.637907
21.206064
21.706524
24.106980
24.273444
23.464937
21.177906
22.869269
21.891497
20.452437
20.042044
23.948941
22.192534
21.757839
21.786270
22.645243
22.276571
20.446153
23.852015
22.887404
24.123442
23.938331
21.511994
22.908174
24.046457
22.779343
21.056568
23.828493
24.127660
24.677006
20.977073
21.034235
22.977713
22.914446
24.759225
20.965920
22.588479
22.076478
21.259255
24.799543
20.740531
20.093142
24.058118
24.646053
21.513014
22.110744
24.931274
24.285894
21.066119
24.730323
24.948498
23.966261
21.992568
23.295265
22.252680
22.219789
24.929727
21.981914
20.253051
20.560950
21.508059
24.305839
22.535492
22.053460
21.586760
24.845872
22.554223
20.762896
21.596403
22.367956
24.149821
22.895016
20.680229
21.453490
24.180714
21.229024
21.304795
22.162654
20.044751
24.435453
23.274870
23.720722
21.816096
23.674769
21.224626
22.653353
21.112740
21.290082
20.911958
21.289170
23.804473
24.073918
21.356791
22.080621
24.914629
20.884906
22.823258
20.742225
20.472345
23.709362
22.413416
22.123545
23.487354
22.474457
24.397464
21.500960
23.210582
20.010140
24.887918
21.822198
24.606086
22.492357
22.639332
22.587611
22.133795
24.980039
24.199339
20.210021
23.214254
20.144483
23.060943
21.236587
22.187936
20.738788
20.913420
22.112341
20.786857
21.285777
21.041170
21.557614
20.983678
24.698067
20.662311
23.865410
20.741202
20.946258
21.774000
20.507406
24.136012
21.023603
24.132215
21.941944
21.973192
23.933786
22.866112
23.224523
20.582174
22.954341
23.051493
20.056697
23.247233
23.556905
23.084810
24.872801
22.546739
20.585363
20.706325
22.148494
22.463060
21.469250
22.325280
23.723317
22.391495
23.209150
20.637771
20.828947
24.838465
21.048265
22.416827
24.105903
23.308860
24.901168
24.600759
24.702777
21.095201
23.020682
23.818754
24.946781
24.883173
20.577817
20.067419
24.901405
21.861175
20.377973
23.060731
23.311780
22.665623
22.124744
24.363505
24.460157
22.080676
22.413055
22.819480
20.716592
21.544018
22.387686
24.496391
21.856900
23.784772
23.507795
24.112768
24.712112
24.662398
23.043442
21.851513
24.545829
22.616979
21.854967
24.670437
20.991735
20.805715
23.969352
24.624210
24.088129
20.812756
20.240668
23.996312
22.987271
24.978990
21.153728
24.407750
24.191966
22.393337
20.677413
22.935767
20.223742
23.206849
22.782885
20.064817
20.419659
23.466709
20.451293
23.637256
24.953578
23.954932
20.890069
21.758771
22.060721
21.059488
20.302143
21.512555
20.854809
20.430018
24.138775
24.623046
21.765400
23.292332
23.769209
21.750152
21.269724
23.325395
22.031273
23.763326
21.745469
20.289212
22.091954
23.293037
22.398415
22.830483
24.927203
24.821192
22.296172
24.089402
22.453465
21.742109
22.162519
24.444867
22.948876
20.119281
22.092238
24.315672
23.221519
21.665019
23.173962
21.770057
20.887147
23.973659
20.418309
22.882685
23.393526
20.934952
20.989539
24.896551
23.775116
21.188528
22.230646
21.930124
23.296766
24.390006
22.664291
20.603859
23.675878
21.614679
24.320521
20.789121
20.333276
20.032655
24.032890
23.880641
21.739292
22.084112
23.335334
22.988160
22.692820
24.525624
24.420205
24.342931
20.882932
21.975137
24.465582
23.297447
23.725732
22.607133
22.604370
20.757538
21.349349
21.877361
20.936523
22.080777
23.006813
22.709784
24.864098
22.193334
21.960081
20.383945
22.908456
20.921060
24.986995
21.093967
24.055743
24.787701
24.715676
21.630287
20.978684
23.224578
20.477049
20.963393
20.601092
23.303972
22.146472
24.284710
23.380710
24.256267
21.414499
24.093160
23.840175
21.004040
21.590640
23.925575
23.656820
21.125108
20.818761
23.707104
22.643954
22.627204
22.729727
24.790557
21.324921
24.627381
21.282510
24.017817
20.521313
22.825103
20.869117
22.738439
21.314992
22.560525
22.749345
23.525101
20.863798
22.426871
23.471022
21.626396
22.968929
23.226744
24.174426
20.325634
24.347770
22.175487
21.784470
22.809163
24.367385
24.036338
24.661253
23.835522
24.869774
24.342418
21.615874
20.238628
24.862364
20.058642
22.690040
22.693040
22.043867
23.758318
21.851108
23.618500
22.859959
23.602548
21.301270
24.463696
22.152446
23.485579
21.642532
20.054939
23.800780
20.890688
24.944967
22.255406
20.659666
20.638932
22.560058
20.633880
20.974334
23.116585
23.505724
23.282357
21.538348
22.492197
20.951904
23.491659
24.946754
24.210769
22.669621
23.113478
24.143134
20.387555
22.003768
22.511446
21.566835
24.171079
24.850736
23.484529
23.640314
21.481604
20.691895
23.848080
24.919481
23.450344
20.669708
23.848437
20.698613
23.810302
23.419266
22.162985
22.622998
23.535388
22.349590
21.708979
22.568131
23.130953
20.137719
23.041851
21.616217
20.682926
21.761499
24.327604
21.947407
23.735003
23.659852
21.687982
22.466556
21.834808
21.179962
24.841320
20.973922
23.326504
20.786028
23.020280
23.133649
20.543676
23.902062
23.941113
22.256322
23.924566
24.685293
24.451522
20.131405
20.425420
23.061441
24.684092
21.227999
21.992319
22.274642
21.902472
20.645978
23.190208
22.788640
23.732228
21.531170
22.090136
22.715747
23.172232
20.942861
22.207660
22.429656
21.803731
20.839597
22.939639
24.547061
23.947622
20.684287
21.734584
23.917072
23.084213
24.299701
22.723171
20.958796
21.126603
20.216772
20.004231
22.985049
21.334993
21.228041
20.671948
22.741796
23.135786
23.209824
21.366217
24.441189
21.284528
23.685574
21.173926
20.891378
24.049599
22.573486
22.578514
21.988567
20.846112
24.466482
24.850070
22.328844
21.630233
22.654870
23.680564
24.305747
23.099320
24.508417
21.944706
23.056030
20.556303
24.705683
21.501229
20.066600
24.287511
22.866926
21.946954
22.456574
21.515383
22.107708
21.102096
22.657858
22.085989
20.439487
21.907135
22.064587
22.928228
22.637701
23.636121
24.093216
22.011705
21.770698
22.171138
24.241292
23.830888
21.825486
24.185298
21.269899
20.406643
21.976277
21.980929
24.013383
21.204950
23.861129
22.070854
24.462967
20.255673
21.563431
22.173403
23.634280
21.067224
20.703323
20.764443
21.093562
23.223935
22.131925
22.713532
24.419636
24.123542
21.789762
22.399917
20.414801
20.631125
22.783812
20.018099
24.421557
23.278412
24.365474
23.069357
20.741908
21.372609
22.986680
23.151681
23.878118
22.942462
23.504840
22.885172
23.412336
23.650933
24.984038
24.449458
22.649542
23.106725
21.262030
24.737070
22.731062
24.511095
22.766321
20.556025
24.973814
20.968065
20.693496
21.737513
22.467542
22.913797
20.937371
21.041462
20.776491
24.019060
20.630426
21.942482
23.022559
21.402859
20.916618
21.128174
22.542944
23.570714
24.374118
23.875348
24.890448
22.229007
22.871203
24.120006
20.577887
20.812747
23.815767
24.809480
22.885946
21.690009
23.460001
23.101914
24.858957
24.150634
20.028055
21.909616
21.289025
21.262198
21.847525
21.030881
22.886344
20.028385
23.583341
20.496449
24.686545
22.749291
20.316130
24.356010
24.746366
21.608936
21.282395
22.225671
21.698847
21.148302
22.232717
23.522998
23.296356
20.002013
24.494203
21.489163
22.711152
20.054421
22.662396
21.453423
22.608304
23.612432
22.613494
22.036103
21.324854
23.747790
24.783670
24.985169
21.885744
21.316064
21.119008
21.637478
24.516126
22.092228
23.118344
24.945333
21.574174
23.666671
20.916647
21.193106
24.803045
21.108330
23.413200
24.828109
22.817356
24.268941
22.407522
23.128874
22.375120
21.332199
23.943401
23.790614
22.880971
23.059895
24.092815
22.771622
22.466254
22.995535
23.551224
24.997246
20.641808
20.017705
23.707171
21.011420
22.959035
23.799592
20.742533
23.916444
24.527250
21.893725
21.056509
20.182945
20.351738
24.424863
23.155847
20.493914
22.780234
21.449412
21.328872
22.721035
24.246803
23.400834
23.182805
23.434107
24.573768
24.779514
20.304070
20.921134
23.442905
22.014333
24.118279
20.200499
22.953824
20.456792
23.693946
24.987970
20.764065
20.211375
20.082856
23.880129
23.967271
22.702112
23.794823
24.154726
24.438706
21.609819
22.882509
24.410676
22.683603
24.224546
20.629884
22.968681
23.703387
21.729198
20.604841
22.109019
21.247531
21.729160
20.478918
23.653902
22.240123
20.883264
24.728910
24.529502
23.799256
20.601222
22.609431
22.904515
24.799340
22.585076
23.922003
24.433291
22.435022
21.130192
22.770897
22.563507
20.193444
21.792057
20.992098
23.136848
21.075265
21.806342
21.613769
22.802230
20.595778
23.418961
21.501893
20.545595
22.525327
22.196800
23.794729
20.920705
21.664519
20.469902
20.236189
24.990621
24.555668
24.369800
23.589158
20.783082
21.234504
22.843789
24.169963
24.040645
21.214915
24.804888
23.530441
21.386964
23.751076
24.254280
24.357979
22.766623
24.460440
23.004190
20.654314
20.597355
23.164313
22.525159
24.672870
21.385083
22.263841
23.391936
23.697821
20.447799
23.248627
20.564904
20.670351
22.944576
21.200372
23.899675
21.838509
20.758827
22.830897
22.798916
24.958484
22.217571
22.153952
21.247420
22.107467
21.103639
23.546622
24.960216
22.174433
23.392350
20.642317
22.384908
24.077090
20.874719
21.742458
22.834404
21.429251
21.491108
23.943556
24.972397
20.416800
22.939956
24.064790
24.763218
24.179698
23.857580
22.710930
20.997389
23.275329
21.511401
21.131633
24.169080
23.291572
22.538866
24.884222
22.469335
22.003879
21.442942
21.001304
24.382676
20.078581
23.496271
20.023687
22.607396
22.595490
20.186819
23.452359
22.309179
23.808379
21.690823
20.821776
22.254968
22.483495
21.792719
22.463322
21.525085
23.325907
23.253436
24.164492
22.895222
21.083428
20.793099
23.776582
22.006498
20.069794
21.211067
21.763799
24.281241
22.038406
23.309426
20.010066
23.782105
22.245548
23.534282
22.045174
23.050763
22.533191
24.462215
21.600753
20.258057
20.162675
22.102225
21.469716
20.468470
20.656606
23.764131
21.668531
24.545228
20.157758
20.435993
24.489091
22.329319
24.238158
20.161945
23.357362
20.790246
20.666891
24.760022
22.541974
20.253077
23.561057
22.054926
20.754910
20.579375
21.572810
22.834477
24.779985
24.429065
20.981069
20.155405
24.152074
22.694771
22.191685
20.541886
20.031154
24.556224
22.012612
24.087370
21.665236
23.593654
20.679849
20.797873
20.174537
21.140418
22.221477
22.223578
22.561725
20.306392
24.392420
21.343868
21.502779
24.688557
24.164125
24.148633
20.356536
22.951078
23.277993
21.400862
20.717378
21.379564
20.214671
23.213771
20.943644
24.031225
21.554801
24.308178
22.905690
24.735485
21.051079
23.280913
22.915036
23.682971
20.450978
24.707952
22.846188
20.100443
23.069162
23.533148
21.245513
23.665679
20.087771
21.354643
24.050408
20.419792
23.502477
22.789338
21.945040
23.968129
23.939157
20.689653
20.845427
24.699869
23.540405
21.134316
20.475269
22.013402
20.305713
20.138009
21.046122
22.138531
23.135697
22.627213
21.546592
21.840148
23.460149
22.376833
21.908649
20.331816
24.081018
24.089992
23.158819
22.410690
23.637389
21.380541
20.922272
23.423718
20.052823
20.606575
21.481659
23.780134
20.276010
21.078759
20.044955
20.823824
20.813217
24.845828
21.426808
20.655353
23.689168
24.382200
20.326150
23.880684
22.780807
22.614122
23.089110
20.001861
21.054205
23.765077
24.239567
23.325438
24.754472
24.012798
23.543939
22.045839
22.423175
21.750802
21.665640
23.963626
20.989183
23.519960
24.426496
21.759876
22.381518
21.379238
21.389573
22.168061
24.036739
24.348981
21.959900
22.533604
22.224845
24.494631
24.741278
21.298277
21.890653
24.418181
20.601323
21.915374
21.623883
24.058172
21.056370
23.169193
20.363954
22.947201
20.993177
24.422703
24.792922
24.732353
23.074785
22.130375
24.281100
24.792858
20.570141
21.479190
23.423653
21.159140
21.127308
24.183410
22.388325
22.570304
22.546816
23.116034
23.095030
22.157361
23.694891
23.023009
21.955422
22.265688
23.948588
21.618683
22.245559
20.359081
21.676915
20.227351
20.879303
23.280907
23.965512
20.396004
22.550643
21.155282
21.573931
24.619599
21.391091
23.504760
23.572145
24.208603
24.033748
24.320509
24.590342
20.213088
22.485199
20.975644
22.532231
21.101989
21.326667
20.099911
20.648607
22.936618
21.625715
20.845369
21.001197
24.226851
22.864908
23.252261
20.444269
22.493858
23.141542
22.904489
20.725483
23.235024
22.464043
21.594189
22.458003
20.432413
20.103932
23.319998
23.752264
20.648759
21.826750
24.006652
20.633569
24.788137
22.085672
20.709163
21.079705
24.370507
24.436558
21.278713
24.403254
21.753199
24.948132
23.093655
21.617052
20.530447
23.661371
20.218250
22.303129
22.787043
22.279512
20.408017
24.969057
22.324065
22.931365
20.496889
21.170983
21.123757
20.594687
24.638304
22.260244
20.660759
21.952186
23.586747
20.841475
23.573037
23.993432
22.994884
24.271719
20.246175
20.278566
22.884371
21.600551
24.160375
23.938892
23.051638
23.864959
24.483926
22.723688
20.691928
24.795755
21.450704
24.119974
21.291719
23.186639
23.676926
21.843280
24.462101
23.868016
22.566531
22.457417
23.888246
21.131688
24.558232
22.511454
22.658436
21.543516
20.961424
24.481657
22.384605
20.986455
24.525439
24.294431
20.671302
23.352816
21.077130
20.198239
24.252590
22.371707
23.625876
22.392212
22.102701
22.734016
21.683639
23.136681
21.312615
23.337261
23.114809
22.021447
22.903471
20.673007
20.830133
22.240850
21.405957
21.135137
21.389998
23.514706
22.362590
20.426057
23.509031
23.616649
22.237780
21.034774
23.809837
24.936393
22.753015
21.194028
21.855924
22.094173
22.328971
24.887632
24.508233
20.673972
24.696006
24.971098
22.451663
24.187904
23.389989
23.053115
23.477061
21.441937
20.674397
23.045049
20.267035
22.412021
23.170763
23.638717
20.476036
23.894402
23.535483
20.538689
24.300488
20.763708
24.089159
21.587803
21.956736
22.936595
22.418415
22.724473
20.290908
21.778366
23.700186
24.441268
22.587955
23.036539
21.341692
20.362575
24.553863
20.909194
23.559186
20.350274
23.009336
22.816261
24.568175
21.100905
21.380115
23.318389
21.708625
24.792614
24.312050
23.278350
22.694434
20.255325
21.352747
24.592969
24.864241
22.086864
23.258336
23.926578
24.480766
22.394467
23.660754
21.876948
22.476158
21.871078
23.107439
24.629713
21.961913
22.791512
21.796122
21.874247
22.042565
20.187300
21.321429
20.878637
23.201123
24.679927
20.699905
20.225096
23.063436
23.898630
23.012086
22.844409
23.542309
20.423351
24.265945
20.763765
20.376788
24.614774
21.511315
22.771837
20.708710
20.059596
21.505229
20.348365
22.709462
20.159890
24.365261
22.348393
24.016896
22.803856
20.642815
24.876382
21.193304
24.166381
22.165875
24.181360
21.209594
20.964118
22.079622
22.473648
21.752954
22.899303
23.964193
24.898041
22.426796
22.674994
20.773848
23.918744
21.634411
21.995476
23.820413
22.423660
23.766892
20.462209
20.819946
24.116017
22.973098
20.377088
21.916002
22.633407
20.069906
24.280081
20.851663
20.825101
22.368733
22.107555
24.393209
24.238150
24.859086
23.097393
24.277170
20.634186
24.420744
22.511225
21.941501
24.903068
22.177938
24.907965
21.897880
20.968571
22.773968
21.716902
22.844662
23.037997
20.865603
24.680732
21.631178
24.676222
21.011058
21.002865
24.584961
21.869858
20.614265
21.867986
23.942260
22.771394
21.375201
20.598942
22.446311
20.204350
23.926406
23.642650
24.055561
22.598453
24.415492
24.098028
24.994993
23.606107
20.931263
23.298346
24.363104
24.983176
23.787004
20.585178
24.037217
24.419616
20.311555
23.067475
20.933267
24.345044
20.181720
21.668191
20.033982
23.367994
20.329474
20.051355
23.156351
20.653344
20.624570
24.131314
20.307773
23.117027
20.717744
22.754875
23.764951
21.963566
24.328465
24.312218
21.842720
21.669831
24.170750
24.542540
24.973523
22.085396
24.889867
21.148690
23.613168
24.648225
22.976376
22.275502
24.925550
21.229304
22.000650
24.526675
20.629309
22.355263
22.139636
20.923236
23.553515
22.175180
22.477558
21.656316
20.362924
24.127052
21.179088
21.811800
20.908282
21.854869
20.212655
20.843760
22.773440
20.261278
23.499750
23.122499
24.596336
20.307358
21.683108
20.262102
22.199013
20.749734
20.027029
20.553801
20.441480
23.703670
23.794592
22.343680
20.267621
24.113655
21.392782
23.741328
23.094646
21.003821
24.253617
20.854182
24.578877
23.275238
20.731315
24.597405
24.833152
23.372574
23.636232
21.214054
23.188415
21.064638
24.819769
24.515078
21.460066
21.754115
21.930636
23.134541
21.246245
23.844716
20.709673
21.476472
21.382971
20.522290
22.834845
23.368476
20.148469
22.282945
24.861870
21.551581
21.314697
22.906966
21.646623
21.846450
20.435876
20.966384
22.498563
20.524125
22.815018
24.657933
20.930611
21.351645
23.630671
21.436069
24.220803
20.493268
23.755327
22.890632
22.347343
20.498877
21.176121
22.726134
24.512947
20.578314
24.205423
22.418789
24.549740
22.960772
24.217235
20.464490
22.523375
21.698875
24.082977
21.607036
23.187957
24.798389
24.861105
21.701567
20.646248
22.478080
20.407680
21.281198
24.987122
24.019954
20.758601
21.984938
23.656749
22.340079
20.014983
20.932939
21.928329
24.894535
24.847004
24.138108
21.208705
20.143528
21.164946
21.892943
20.216417
20.973036
21.176176
24.130210
20.959232
22.512533
20.270107
22.484130
23.174329
21.198819
24.621047
22.012523
23.332732
23.324379
21.050873
20.110878
20.093370
23.680359
24.753079
22.626256
24.075040
22.951529
24.519346
22.853057
20.101873
24.331620
22.104217
23.258391
21.101583
20.384305
20.790434
21.945046
21.136187
21.267256
20.865926
24.214984
22.770989
21.020890
24.067260
22.223195
23.529374
24.391540
21.296799
20.188772
21.183457
20.094121
21.276709
20.193893
24.501917
21.293239
24.732086
20.245435
20.929068
20.372283
21.253065
24.018015
20.586502
22.174463
20.198352
24.463164
21.700685
21.572790
20.980168
23.711473
20.144096
20.702040
20.067038
22.476846
21.471420
24.478683
20.672466
20.385585
24.231963
24.442430
20.813469
24.904845
24.543122
20.770947
23.060118
22.686789
23.387007
21.110645
22.454173
23.389938
24.773739
23.516811
23.196535
22.731557
24.267677
21.760545
20.036377
20.241708
23.335667
23.402625
24.276516
22.194825
21.525982
20.086862
24.374276
24.204387
24.343951
20.528430
20.859842
23.560109
22.589578
22.760031
23.842957
24.637945
22.494014
22.180145
21.264988
23.399712
22.179220
22.335234
22.358816
20.659095
24.907071
22.165695
22.504850
20.839821
22.871250
23.345098
21.879663
21.726435
22.548669
24.851968
24.624800
23.660384
22.882475
21.750011
23.912212
22.080362
23.878895
22.958622
21.915311
21.396724
20.371905
21.109283
23.285585
22.651237
23.553757
20.558808
24.365371
24.996974
20.846662
22.306509
20.231290
20.808943
20.776478
21.232755
20.487697
20.263420
23.324366
20.768701
20.569691
23.866084
20.012347
23.286826
22.795092
21.874531
23.562549
22.099926
22.223367
20.570246
23.724128
24.833692
23.529803
22.097484
21.149658
24.119495
23.685405
20.147995
24.649386
24.839665
20.736145
20.389862
20.690953
22.834843
24.147040
20.092244
23.850399
22.883700
24.900927
24.702333
21.400453
21.375993
24.599852
20.126699
21.961803
22.383549
22.163351
23.168176
24.979496
20.709824
24.710051
22.946282
21.964202
20.350896
21.340464
22.187269
22.833692
23.290476
24.773254
20.050872
21.463785
21.897507
22.298481
21.262375
20.357091
21.214752
23.686403
21.281199
20.114919
24.792106
22.100845
23.805605
22.757551
20.244199
22.892818
22.127640
22.428554
22.381632
21.235348
24.653761
20.715235
22.673819
21.602281
24.302506
24.710291
22.094506
23.492930
21.958529
22.483778
24.788290
24.509887
21.363616
21.829071
23.467018
20.136401
21.297203
22.858000
23.208894
24.460061
24.776472
23.710982
22.693584
23.925247
24.826208
21.772110
23.853497
22.176475
20.020242
22.510205
23.441671
20.972614
23.627225
21.675609
23.303701
21.644516
22.417383
23.122449
21.108335
20.964881
22.285266
22.516799
22.387006
21.171113
22.249273
21.488278
23.892923
23.773451
20.775882
21.008423
20.330984
21.712237
22.597937
23.190621
24.198682
20.463177
24.066435
24.962849
20.360404
21.354366
23.694163
22.074244
21.954821
23.209781
24.172590
20.118860
22.197118
22.383018
21.241748
20.446508
24.095708
22.361426
23.733602
24.850339
23.300693
24.904089
21.280447
23.356885
20.051459
22.223054
21.426606
22.332023
22.851327
21.185836
20.198357
22.121239
22.655626
23.357158
23.295062
22.782231
20.584154
23.254453
22.467882
24.747494
21.574493
22.489474
22.661236
24.679970
22.966127
23.150584
23.020956
22.822527
20.356065
23.786140
21.112693
24.133196
22.027878
24.833028
24.390413
21.171693
22.979228
22.507447
20.563348
20.184617
24.743600
24.827161
23.994939
22.882714
22.339715
21.671204
24.473459
22.536857
24.308013
24.641457
24.875768
22.400201
22.350800
20.087861
20.244011
20.270285
20.528937
22.288700
24.819498
20.048123
23.847785
21.528785
22.276031
23.801501
20.295447
24.488516
24.602959
24.500443
22.014675
22.451562
21.295223
21.367465
24.890432
22.706470
20.695766
23.242050
22.291238
23.118249
22.482682
21.856669
23.595407
20.384797
24.135052
22.398679
24.801037
20.750342
20.432780
21.752022
20.715362
23.157702
24.741358
23.405342
24.494854
22.424014
21.155575
24.036385
23.068554
20.701674
24.714091
21.870578
23.318776
23.424369
24.471781
20.777680
21.888214
24.623248
22.606322
20.327445
20.367043
20.310895
20.373399
22.758743
21.721431
22.275436
20.126144
20.335908
22.992042
21.795742
24.757163
23.859888
24.567784
22.517725
22.220616
23.952767
24.689340
23.510388
24.505068
24.724552
22.505833
22.536106
20.871037
20.455818
21.030252
22.634213
20.570534
23.441778
23.018227
21.843727
21.058007
20.855380
20.330100
23.299905
20.060665
20.990533
23.558373
20.042108
24.988515
20.871801
21.833225
20.854832
23.783796
20.436044
21.222396
21.037463
21.950731
22.872619
21.325843
21.177468
22.407745
22.883587
21.512484
21.621672
22.865474
24.936883
23.477602
20.672722
23.464612
24.847112
21.497344
20.570905
23.909911
23.074753
23.765672
20.323609
24.351222
23.588571
20.729081
24.616670
22.471795
24.871231
24.234589
21.879666
21.925718
20.460716
22.794110
22.640991
22.571231
23.258590
23.890014
23.340073
20.227874
22.918152
24.127230
22.364961
23.360040
20.917252
23.142274
24.995365
23.896493
20.871837
24.689256
22.242970
24.381448
24.031738
23.881718
20.786653
22.950432
23.752117
21.815464
20.025163
23.023007
23.237007
22.818852
21.728785
24.201278
22.036792
24.531869
23.230495
22.040355
21.341505
22.502879
21.920984
21.691235
20.328814
20.648174
23.849697
24.388268
20.612479
20.989421
22.663147
24.002412
23.156037
24.359226
20.484372
20.226536
23.839868
24.293601
22.964127
20.095553
24.612347
24.151449
23.222358
22.937659
20.154825
21.973888
20.434563
23.714449
23.390819
24.767042
20.463586
23.374552
21.820067
23.159197
22.146959
22.047417
23.491163
23.886406
24.879816
21.216561
21.093310
22.986379
22.871934
21.597901
21.217860
20.462198
21.385085
22.137305
20.166436
24.382191
20.684130
20.363148
20.799372
21.149526
24.674133
20.935839
24.320185
20.026767
21.660774
24.343748
20.902229
24.066046
23.166817
24.813602
20.120078
24.214725
21.584623
22.930799
22.501585
23.237574
22.037057
22.456177
22.280745
21.697159
23.089803
23.546172
22.839839
23.133413
23.863796
23.348304
22.661560
21.580488
22.003833
20.194265
22.372198
20.060379
24.335239
24.296500
22.808022
24.689576
22.926808
21.755632
24.180652
24.664173
24.363031
23.616693
24.276865
20.132736
21.101438
20.854451
22.684712
21.471624
23.481260
20.798698
21.293194
24.367420
20.172120
24.086864
23.319666
21.593637
22.982577
20.129056
20.640106
23.479459
24.086776
21.737378
23.826354
21.034741
21.547485
24.218294
22.622425
24.605159
24.356034
21.961897
24.261048
22.849253
21.415100
24.935940
21.283549
21.029718
23.973592
20.677020
23.815498
20.734908
20.001387
22.886366
24.585002
22.093554
20.744337
23.904418
21.643116
24.168878
23.987512
24.911488
24.295426
20.162339
23.083631
23.891627
21.103736
20.042238
21.017019
21.416248
23.026463
20.963803
20.112273
24.178892
20.143155
20.207466
21.452570
23.236051
21.717662
20.927148
23.883086
24.079618
21.940361
23.220718
24.030051
20.969503
21.450651
20.421987
23.838298
22.669611
20.647642
20.017638
24.001746
20.177463
20.415371
21.364971
20.001655
22.255238
23.738111
21.605609
22.881987
21.734874
21.785943
20.745042
21.548159
24.822973
20.905299
23.830918
24.420053
22.026453
22.344585
23.680810
21.914444
23.097036
21.900045
24.657430
24.530382
23.908646
24.613026
21.473823
22.184788
21.909588
24.151454
21.538399
20.793986
21.542196
24.250855
23.867971
23.216489
20.981306
20.897270
21.670216
24.047062
24.134472
24.283183
23.760452
23.520410
20.193522
22.793315
23.892499
21.089814
22.294580
22.553335
20.334456
24.780474
20.406837
22.065628
20.731004
23.135317
22.501810
20.912263
24.607202
20.210615
23.057518
23.119040
20.410963
23.796538
22.771184
24.666464
22.753718
23.832627
24.467619
20.389426
22.319055
24.594013
24.327757
20.983295
21.249777
24.140556
20.101155
21.124935
24.410390
23.344595
20.903599
21.514364
24.556935
24.821940
22.283376
24.219446
22.295994
20.738508
24.257717
24.515877
22.288802
21.287786
24.096631
20.258050
22.057501
24.993918
23.794139
23.633201
24.442942
21.984121
20.401593
22.329973
22.520131
24.711287
21.998391
22.490881
21.629904
22.947393
21.539807
21.751598
20.895119
23.643436
20.145970
24.655778
23.781219
22.782547
23.183198
22.470936
24.199225
24.459419
24.474275
21.417340
24.837103
23.625739
23.196432
24.844229
21.549848
20.808948
24.706597
24.891421
22.572953
20.546610
22.645406
20.919220
24.561132
23.876357
23.533915
24.200855
23.804767
24.222059
21.951691
24.950780
22.948214
20.122407
21.749437
22.017749
20.861176
23.904674
21.923335
22.601634
23.980972
23.879191
22.597963
22.651969
20.750460
22.511705
24.066765
24.723393
24.401023
21.748542
22.674167
23.396385
21.050154
20.073242
20.532611
20.471562
24.932623
23.178114
21.056607
23.676703
24.568071
24.901264
22.844551
22.219143
24.805417
23.371394
24.984235
24.303910
24.942800
22.634767
24.526181
22.447643
20.093985
22.262861
20.012510
21.779442
22.755090
22.454843
20.274450
21.732125
23.078656
20.538599
21.266517
23.545655
23.326127
20.619926
21.422580
22.631225
21.005404
24.174256
21.519088
20.325345
24.623499
23.550657
20.381716
20.276653
21.956593
22.315299
20.600769
21.994684
22.514635
20.815244
22.032668
22.300768
22.672949
20.066557
23.390138
22.437388
24.485271
24.831539
21.484467
24.266990
24.376460
21.092342
24.756491
24.290081
23.367103
23.566422
24.685626
21.477443
20.835909
24.604382
20.117707
24.570455
23.350583
21.840129
21.965644
21.985169
24.665764
22.025902
22.176409
22.098858
22.317079
23.727625
23.192519
20.116967
23.084753
24.269723
22.821446
23.153844
21.921882
20.371161
24.030139
21.534454
20.996360
23.852970
23.786759
24.833828
23.446307
20.959635
20.538391
21.641532
21.457651
20.267426
22.712138
24.322585
20.232696
24.650495
22.804790
22.642727
21.235023
24.576461
21.528322
22.956400
24.997710
24.512444
21.027514
23.002912
22.080771
23.603562
20.462717
23.882898
23.832600
24.376633
24.035115
23.851752
23.429921
23.989960
20.459994
23.685631
22.418435
20.247273
21.056036
21.516503
20.438126
20.640432
24.129533
23.271742
22.782786
21.042255
22.158136
20.303528
22.146217
22.502611
20.257442
22.247069
23.802373
20.670309
22.840742
21.392302
24.854565
21.936738
20.811383
21.926495
23.743836
21.967603
23.441260
22.717108
23.194348
23.746838
24.491517
23.923528
22.114543
21.993090
24.157675
24.899635
23.132342
20.217881
24.256048
21.891617
22.402963
21.443688
20.063684
22.530826
20.322121
20.297200
24.312197
23.241446
24.281123
21.713324
24.685153
24.610117
22.343272
20.191133
20.170061
22.152127
24.108397
20.704141
24.671656
21.313565
24.950103
22.877424
23.906452
22.621408
21.091695
22.229520
22.639975
22.594849
20.700298
20.039415
23.987439
20.806460
21.618390
21.758522
22.496765
20.601245
23.285064
20.250028
20.348424
24.123056
24.435528
22.077357
20.341369
22.354745
24.784049
20.755408
22.555032
22.208961
21.946618
21.302919
21.324229
24.739247
23.333981
24.165826
24.510930
24.872237
22.827740
20.713859
22.495792
20.117778
20.141693
20.447551
22.249490
20.621749
21.275345
20.462598
23.890873
22.049883
22.440838
24.017578
23.261178
20.577599
21.950863
20.956081
22.000502
21.410869
22.113088
22.271719
20.571296
21.902630
23.653146
22.439705
23.734180
23.166024
23.565262
20.974107
23.691441
24.357297
20.288404
24.580864
21.692217
24.965664
20.786429
24.656577
24.374939
21.665113
24.979128
24.344612
21.753717
23.177147
23.419248
24.685846
21.351168
21.001406
22.792716
24.756153
22.392170
21.156164
20.251136
22.232024
22.210214
21.803152
20.187988
22.563082
22.051082
24.180218
23.747039
20.490516
21.234003
21.352513
23.205075
23.188820
24.082915
24.032197
20.828357
21.704566
21.329289
23.265659
23.972149
23.606372
22.724526
24.729555
24.538327
22.037482
21.543921
20.668775
22.951327
24.781195
21.152388
22.764556
23.375221
20.570886
23.942955
23.111200
20.501352
20.729044
20.792167
20.539326
23.612032
20.808052
24.678390
23.285580
21.135132
20.724722
24.390364
21.929841
21.645721
23.358345
20.967192
20.771860
20.651118
21.918992
23.989498
24.756443
24.137766
22.882052
23.198769
23.034906
21.546123
23.689397
22.585746
21.885756
24.426690
24.857472
24.405716
20.475429
24.034507
20.105189
20.659747
22.421888
21.150353
24.787741
20.416828
21.976698
20.350917
23.996958
21.350169
23.178410
22.904233
21.623758
21.156252
23.419101
21.955882
24.421954
24.723921
24.565427
20.267676
23.583248
21.384479
22.897268
22.664799
24.841047
21.279010
20.148461
20.123643
20.601827
24.696525
22.399346
24.427159
24.187529
24.402956
24.215446
21.610401
21.737088
24.290277
23.373768
22.365222
23.074749
23.820289
20.463398
24.773716
20.440524
21.739474
21.013643
20.051068
22.642572
23.921009
22.379640
22.712952
21.425197
22.911379
22.647420
23.071976
24.274410
22.582182
22.152269
20.640371
24.834928
24.276522
21.484814
22.707886
24.642245
22.136279
20.371843
24.324517
22.035832
24.122058
20.485559
21.702633
22.614347
24.111390
24.470672
22.381740
23.662177
22.994132
22.501275
20.442826
22.973985
21.073362
22.188356
21.316125
23.711289
24.856683
20.143196
23.158506
23.881611
24.626061
23.705527
24.962292
24.597951
24.495592
20.769288
24.464393
20.876172
20.349138
21.978320
21.599491
21.126423
23.066040
23.362364
20.279095
22.504359
23.402238
24.784886
24.139054
24.893515
23.019222
23.982477
22.045099
24.200883
24.434762
20.720056
23.304874
23.835702
23.130199
24.636460
22.547035
23.994997
24.183783
22.108055
22.008651
22.705479
22.625902
20.604398
23.827581
22.359234
20.761069
20.748184
24.897633
21.489835
22.355006
24.238876
21.428457
24.363303
22.095822
24.023407
21.064026
21.950470
20.247965
20.457667
24.169327
22.332803
21.280966
22.061620
20.453290
22.558704
24.865371
22.805628
24.110757
24.516515
24.898892
22.752927
21.234779
22.085634
21.750364
21.429885
21.669476
23.809833
23.599315
21.002619
20.348044
20.846976
21.998653
22.501686
23.024253
21.493699
24.719566
23.342417
20.761837
20.908904
24.364507
20.830000
23.320138
21.121462
21.940369
21.173317
21.795557
23.115637
23.984911
20.133734
23.579626
22.534890
22.152505
22.837825
21.741328
20.079373
23.075564
24.998825
23.767847
22.746463
22.791082
20.095883
24.445811
21.826071
23.172661
22.795088
21.591898
21.196458
21.778511
22.806698
20.030221
20.412115
23.127477
24.650508
23.520739
23.804972
24.065938
24.435391
21.086498
21.470616
21.815447
23.996628
24.646885
22.558285
20.649697
24.880627
20.375284
21.257484
21.122479
20.869625
23.212376
24.496961
20.709451
21.329375
20.171447
20.219626
22.222965
24.741721
21.688587
20.566524
23.285192
24.891566
21.369922
22.614460
23.250839
24.463709
21.605173
21.075099
24.255893
20.469294
20.032662
24.317431
24.330792
20.295599
23.204918
20.242331
23.400262
23.133761
20.556924
22.457856
20.171025
20.406463
22.410492
23.143281
23.152402
22.023124
22.286570
23.678979
22.522119
24.605819
24.460175
24.087723
22.927576
23.373887
21.434521
23.735200
21.520314
23.558358
23.831412
20.247272
22.743275
24.088872
22.493223
20.603000
20.531053
23.889418
22.357147
20.228702
21.179180
23.372114
23.956110
23.485258
20.898752
24.566152
22.865951
23.566201
20.434633
21.852059
21.121793
22.759289
24.732958
21.018097
22.284029
23.366146
22.876729
23.843626
23.982658
21.074056
23.692002
24.454777
20.742124
20.458926
22.312905
20.120110
22.925715
24.944166
24.202281
23.498824
23.871454
20.530450
24.034198
21.567986
20.352030
20.178242
20.596269
22.154698
20.881255
21.905948
24.071116
23.521255
21.094958
22.535298
20.083334
22.095215
22.261507
23.287074
21.827422
22.891384
21.430093
24.828897
21.096777
20.387056
22.911844
21.801362
21.224150
22.107603
21.373957
20.427353
22.684941
22.395076
23.051351
21.381016
21.690728
21.751249
22.574861
24.940077
22.480019
24.260251
23.208859
22.519374
23.614577
24.738146
22.861106
23.721258
21.259652
22.021932
20.770649
20.588425
23.913111
23.823631
24.899686
23.556586
22.543036
24.216413
22.301020
21.034724
21.588956
22.867372
24.812674
21.188404
23.665555
21.461401
23.232471
23.641932
20.990182
20.929329
22.681710
24.398898
22.336950
20.521763
20.938023
20.367066
22.865375
23.183215
24.289284
21.849920
22.151161
22.728188
23.475336
21.767319
23.339700
22.706039
23.994010
24.056845
20.607029
24.893924
21.594600
21.263051
22.570353
22.814535
23.263849
24.895958
20.922002
21.199063
23.392232
21.597694
24.366725
23.515528
24.281196
21.347967
24.720041
22.902643
22.496005
24.762166
20.374412
22.322362
20.965429
22.226844
21.195272
24.582900
22.192770
24.443367
22.982258
22.817636
21.552773
21.237821
23.687293
20.381826
20.432752
21.744656
23.970118
20.564746
20.816239
23.153119
22.320244
22.933673
24.831771
20.147416
21.142730
23.123159
22.971309
23.844592
24.136548
22.477722
23.965685
24.178776
20.124373
22.656758
22.230306
22.682156
20.531713
21.389584
21.413281
20.433459
24.614301
21.583839
22.198517
21.177448
22.025777
23.256051
24.167027
22.715902
20.761740
