5000
9.536857
9.466240
5.440578
9.165548
8.092975
9.094009
5.543937
8.627455
5.406979
7.891458
8.563705
5.004589
6.557163
8.633062
8.843217
6.595756
5.298146
6.642179
8.540765
9.982886
6.807786
6.424659
5.255306
7.705409
7.394263
7.239783
7.609876
6.835957
5.218908
5.476761
6.782628
6.130026
8.036631
7.036320
5.070928
9.255486
5.255907
5.756809
8.169149
7.489093
7.972704
5.720265
8.084497
8.954388
8.941655
9.214306
7.934285
9.252798
6.167395
5.631913
5.545483
7.369563
7.120088
5.545814
6.826904
9.453895
6.137637
8.089809
8.426306
6.314064
9.580757
7.087041
7.157540
7.572401
5.831147
8.240179
5.046624
8.093495
6.265767
8.484583
5.794208
7.851956
7.905799
6.485016
7.687229
6.293827
9.841522
6.087640
6.722134
8.331958
5.514909
9.601176
8.698978
5.653830
7.071461
6.325400
7.174623
9.208644
8.739649
6.714980
7.405564
6.602258
6.817168
9.248270
8.919976
6.821579
5.611633
7.856920
6.494426
5.281992
6.675549
9.794631
6.067093
5.898665
6.093603
6.385609
8.574773
6.909463
6.759273
6.817410
8.150728
9.018056
9.966115
8.846487
9.896128
7.322831
7.048326
5.982727
9.457376
8.981977
9.440405
7.887076
5.402281
9.812190
5.103837
8.964262
5.790227
5.514719
9.745910
6.865437
6.219332
7.407169
6.141705
7.407611
8.448156
5.205277
9.239776
8.345483
6.108530
7.733957
7.752319
7.986842
5.526451
6.714970
5.041365
8.278715
6.232899
5.989300
6.204433
9.755920
9.460750
7.686840
6.486823
7.104845
6.682704
7.160804
8.964388
5.155073
5.421204
9.795754
8.513457
5.545666
8.589399
5.968659
8.434976
7.048447
8.635701
5.879492
5.284683
6.705439
9.004839
8.604601
5.365720
7.697099
5.903450
5.411061
9.019463
7.616634
5.098745
7.415800
5.149254
8.674232
7.727104
5.143492
5.056227
6.227915
7.561827
9.415988
6.394052
6.157171
5.776554
9.268727
8.986353
8.231134
6.397929
9.535961
6.532422
6.949199
5.945677
7.323843
7.925086
6.161133
8.730107
7.607015
6.689045
5.123086
6.866640
8.974960
5.035077
8.355127
8.600382
6.800586
9.818130
6.294762
9.200747
5.307719
8.229439
5.803145
9.910568
5.705424
9.512917
5.986019
9.634347
7.275466
7.123503
8.036397
8.512769
9.141341
9.494348
7.477878
8.944964
8.675944
5.255370
9.671481
9.783280
7.417954
6.423202
9.823577
5.049300
9.221877
7.261163
6.332686
5.356736
6.545442
7.889408
5.208738
5.367426
6.663014
6.368023
9.731595
9.244100
5.665107
7.556126
5.265193
5.193647
7.963651
6.932209
7.051084
5.578971
8.770551
7.034695
6.025899
9.398471
8.883473
9.396495
5.811028
5.398859
8.090410
5.947850
8.722091
5.521202
7.648803
8.107993
5.608195
7.880656
7.273171
7.994339
5.277279
5.676760
5.477126
8.470990
9.685894
9.959314
9.730591
5.929507
5.571458
9.291695
5.594527
8.071389
7.683122
6.852341
9.874711
5.985482
5.304547
8.424332
6.354422
7.676500
9.661865
5.707208
8.150285
8.309253
7.718491
9.266783
5.012779
6.048438
8.539115
7.395473
8.640413
6.766856
8.255297
5.017444
9.976110
8.664226
9.596937
8.077252
5.115200
5.434712
9.396423
8.417300
8.953141
7.198555
5.014682
5.570495
6.491262
6.544623
5.459649
5.443599
5.075357
7.505050
5.375973
8.478342
5.218420
8.879664
6.967137
6.212636
6.461658
5.660297
9.165555
6.767713
9.928953
8.944847
7.401859
6.377317
7.413897
7.051010
5.921423
7.683031
5.485946
6.303738
8.985577
9.469984
9.304959
7.591403
7.122435
5.659832
9.646816
6.174606
6.461569
9.248591
5.927148
9.386882
8.732219
9.792486
5.286148
8.741499
5.563761
8.480369
8.351067
7.986223
6.601106
8.086533
8.663078
6.613272
5.078215
5.825467
8.874116
6.312983
9.745061
9.545459
6.144854
6.567039
6.150961
8.404977
7.698582
5.603012
8.496844
5.107227
8.341442
9.101635
5.436648
9.154863
8.510873
6.417484
9.304430
6.226423
6.557677
5.342361
6.802665
6.760080
8.938964
5.420291
5.035238
8.452471
8.365570
9.174719
5.854149
6.575301
8.711017
9.643292
8.076315
5.729970
8.210541
8.077062
5.373367
6.966106
5.720689
5.043557
7.498165
6.226304
7.972044
9.713448
6.546119
9.128079
8.899968
8.381699
5.797707
9.090997
9.953093
6.251412
6.800096
9.003664
7.542665
8.055526
5.479235
9.842461
9.243498
5.057072
5.648017
7.648383
5.873571
8.898832
6.757710
6.099153
5.074673
9.952869
6.398576
6.703895
6.445101
6.066304
9.357139
9.951308
9.076728
6.021292
9.945277
6.467189
6.299356
6.498613
7.134749
7.925789
8.616285
6.814827
6.181477
9.894828
5.690112
9.103180
7.950125
5.760709
8.035699
5.058348
5.317101
9.810823
9.498514
9.836193
7.370138
8.181499
5.307192
5.760485
9.368191
7.206564
8.753411
6.845304
7.236815
8.874158
8.031131
6.379854
6.685216
6.365340
8.848215
8.430043
8.747882
9.866817
5.345957
9.013862
6.019270
9.143099
7.266261
8.557999
7.728384
9.586230
6.619095
9.720099
6.794268
9.459270
5.643211
5.433650
6.908323
8.771725
9.234511
5.337230
7.864966
7.192668
6.256564
8.745758
9.894233
6.639130
6.169302
6.841952
6.149320
5.403259
7.300930
8.059852
7.645040
7.721769
6.192677
9.331054
7.089953
8.680464
7.927869
9.129841
9.818322
5.892266
9.667612
9.749439
5.619766
8.376175
9.079454
5.565209
6.508044
5.018713
6.722245
9.948217
6.715652
7.230647
6.183055
8.252207
7.374234
6.350072
6.085173
6.741892
8.752143
7.595174
7.252244
9.104541
5.929273
9.208027
6.250705
6.422182
8.825116
5.586371
8.387228
6.393006
6.881236
6.509090
6.322515
8.283437
6.591568
9.806731
5.182617
6.390199
5.247383
5.126514
5.910913
9.860339
8.637656
8.464144
9.455409
8.252469
6.027953
5.742442
7.949091
6.251365
7.189794
7.345320
9.497843
7.692940
8.241979
9.479130
8.843715
8.686917
8.031977
7.077334
8.471867
7.294863
6.146848
9.356564
9.470690
9.879258
6.142838
5.967167
9.875806
7.388628
6.206030
6.781532
8.260654
8.445824
9.258850
9.998116
7.447167
6.319213
6.721154
9.448195
5.072658
9.651829
9.114422
7.285499
6.068026
5.798754
5.490710
8.308671
9.173363
5.921783
6.596720
6.963579
9.070221
5.944406
5.269228
9.236894
8.545583
8.029861
9.091173
7.010646
8.079642
8.066092
6.061060
8.673558
7.973412
5.938267
8.093495
6.475776
8.385901
5.458496
8.374214
8.454258
6.451996
6.934710
9.617077
8.068318
5.151680
7.201723
7.604608
7.543597
5.062097
9.198260
5.543401
8.893299
8.114000
8.729335
5.499928
5.488975
6.958478
8.304207
9.112596
8.689037
5.926030
9.772323
9.839058
7.136918
7.430407
7.626502
6.404270
6.935600
5.466326
6.970896
7.309684
9.831895
8.523381
5.302573
8.551394
5.883737
5.263605
9.781633
8.761225
9.176971
6.092595
8.725457
9.233132
8.607644
7.479290
6.217392
5.679741
7.388026
7.878381
8.042671
9.766738
5.503968
8.459471
6.060591
6.929536
8.583621
8.413538
5.721859
7.504823
9.885777
6.991612
9.800353
8.662024
7.813181
9.835928
8.768674
6.519406
8.645768
6.885290
9.486126
5.784482
8.268811
9.255308
8.316206
8.697997
8.233136
7.155566
7.035704
5.460432
7.684571
6.562588
5.747783
9.754401
6.639561
7.458067
6.968480
7.887793
9.828915
5.711729
6.021512
5.600682
7.676349
7.022471
5.268065
8.318455
5.586669
8.419858
7.241045
7.336123
5.052917
8.405756
5.298970
7.209101
9.146474
5.300264
6.808760
5.395286
8.862358
6.493741
9.869876
8.306819
8.466575
6.065827
7.845055
9.500038
6.715004
6.627275
9.787274
9.390698
6.721024
8.441284
6.646772
8.231790
9.888602
5.322270
9.920234
5.989821
5.134290
8.671503
7.270182
9.447664
7.904757
9.775042
6.776048
7.021081
5.547729
8.079178
6.430441
6.225302
9.645679
6.697013
6.124063
7.565758
9.951409
6.225570
9.796896
7.605299
7.914592
6.426380
6.206131
9.583644
8.059056
6.713926
8.506917
8.634152
7.732257
9.041797
8.118858
9.431508
9.475788
8.646276
9.007007
5.985160
8.241040
6.420304
7.596212
6.226516
6.594634
5.844711
9.265609
9.411725
5.531351
9.859520
8.704985
9.474125
8.295739
5.857702
8.596952
8.560487
8.146816
7.927615
7.892317
9.651738
7.426218
5.127661
8.237082
6.925910
5.708469
6.458597
9.188541
6.872777
8.158044
9.630017
5.823393
5.652631
6.176493
5.934002
5.543730
8.734879
9.561882
9.376699
9.323021
6.582474
5.348212
9.136658
9.896674
8.611335
7.858645
9.225973
6.584445
7.129364
9.937760
5.966349
7.986007
9.500663
7.167101
9.433728
6.037959
9.477887
5.681600
9.307476
9.295775
6.960215
7.146444
6.944569
9.647297
7.152059
8.578391
7.601728
8.505196
7.963505
5.989270
5.319822
8.346596
8.889274
9.227209
8.906734
5.571937
5.859897
9.362845
9.813025
8.910430
9.444006
7.856872
7.654205
6.250625
8.926266
7.119964
8.150447
9.116931
6.698667
8.026671
9.815054
9.398057
8.017633
7.228810
9.920600
5.035564
7.395595
5.683707
5.361562
6.197540
6.126704
9.945784
7.363159
9.856207
7.067244
7.650208
6.794980
7.281294
6.749208
7.927398
8.196512
7.495008
9.535510
5.192394
8.255355
9.218964
8.907084
7.310966
9.642051
5.429256
7.777238
5.404737
8.786376
6.875043
9.503856
5.042864
7.592303
7.141731
8.950772
5.157702
7.438083
6.759571
6.209024
7.538739
5.157296
6.073181
9.223154
5.168819
9.065465
9.304280
6.170663
8.827616
8.599045
8.543913
9.034737
6.366532
6.113084
6.063091
9.073877
8.286570
5.264283
8.874549
7.555908
9.169870
6.297088
7.707710
5.197751
9.394069
5.771706
5.006399
9.174211
6.226557
5.561788
5.171692
6.509139
5.237359
7.845941
7.885800
7.430494
9.226242
6.115700
8.069708
9.152183
6.815284
7.589324
7.902698
5.317355
7.487576
5.320902
9.304419
9.268963
7.830911
8.298776
7.114315
9.917742
5.494490
8.534697
6.996077
7.129646
9.752888
6.780044
7.389586
9.007712
9.313121
7.971572
8.941797
7.363362
5.714504
6.803117
6.180594
5.933005
6.059063
7.673787
9.264750
5.225719
6.795115
8.764348
6.068963
5.180693
9.190440
8.550378
7.786622
8.734784
6.659309
9.881783
5.205837
7.872138
9.752325
5.623814
5.879202
6.569558
5.282418
6.797778
5.904198
6.431612
6.866500
8.931965
6.599815
8.298199
9.663608
5.377839
8.025758
5.027036
8.330987
6.862102
5.686835
5.418705
5.711452
7.163169
8.411632
8.456301
6.958901
8.910923
5.381291
8.963780
6.885364
9.052166
5.860636
7.468561
8.596311
9.822737
5.414973
6.087214
6.086160
8.484827
7.202512
6.028058
5.161396
5.436870
5.433918
5.078664
8.414786
8.283415
5.365743
6.834061
8.980014
7.872669
9.794139
9.132775
8.307641
7.886161
7.389065
7.591427
9.867652
6.320535
7.671857
6.704120
5.387149
6.008842
9.855534
9.392881
5.867064
7.165665
7.701435
7.734891
8.565285
5.996102
8.862551
8.769784
7.208241
6.789155
5.046464
6.605584
7.641855
5.380664
5.649315
7.939286
6.846492
5.855159
5.638148
7.203999
6.307659
8.082817
5.874112
9.587626
6.737476
5.890510
7.832877
7.138113
9.955380
6.797136
6.102704
6.723211
6.167320
6.514459
8.425460
9.088329
7.261222
8.118069
6.909325
9.592316
8.361747
5.421178
6.293245
8.517828
9.333091
9.551148
6.810066
9.236265
8.287590
5.980937
9.843823
8.467213
5.843576
7.896593
6.973333
8.405598
8.769470
5.484043
7.720461
5.377447
8.086061
9.108754
6.737302
9.998668
7.790045
8.565456
8.906165
9.575630
5.846733
7.581583
8.508097
7.841260
8.067671
8.381784
5.484119
8.804246
7.076832
6.844431
6.997877
6.481970
7.928302
6.598975
5.620694
8.154282
6.645434
7.698592
6.736155
7.945590
9.388528
9.334906
7.358157
7.534375
9.402852
6.419129
6.542091
8.634665
8.917775
6.773657
7.124024
8.629855
8.669412
9.988921
7.870101
8.943116
5.210790
6.478520
5.034782
7.866014
5.164228
9.217496
5.508467
8.292374
6.386101
9.769121
5.324472
7.442587
8.897461
7.914120
7.571468
9.973764
7.435780
6.964381
8.793151
6.339375
5.995834
6.776647
6.993650
8.127437
8.365569
5.112444
9.846434
6.852074
8.749782
8.302050
7.705943
9.538633
5.763157
9.226365
9.212460
9.066576
6.057589
8.559093
5.558117
7.503146
8.903338
6.831541
6.817234
6.147930
8.997139
9.581090
5.708565
8.768693
6.443694
8.572211
7.900357
6.774846
8.877377
9.925266
8.906729
9.254016
7.789395
7.820634
7.839912
9.158084
7.348136
9.923643
5.552298
6.116445
5.758899
6.139905
7.061766
7.431245
8.810170
6.614659
7.185225
7.917934
8.225164
6.659424
9.253425
9.622158
5.411825
9.639956
9.877846
8.182581
9.043079
6.383004
7.145749
7.643042
5.550163
7.866962
8.439785
9.634327
9.572914
9.157855
9.569528
7.802183
8.800361
6.951158
8.197042
8.014540
8.118736
6.616951
9.019281
9.091659
7.004377
8.390973
7.032625
7.580937
9.534679
6.850958
9.177822
7.940237
5.636948
7.341563
7.166114
7.070339
5.516072
5.188347
5.691221
8.644643
8.792263
5.051280
7.887933
8.121261
6.311102
9.285502
6.958568
5.828988
6.489017
7.621447
5.672695
9.260520
8.959361
9.465315
7.050823
7.635323
6.073022
9.841323
7.909331
9.407672
5.373356
6.789057
9.806055
7.591337
9.427777
6.812979
7.484146
9.539085
5.774832
5.986038
9.099216
8.896981
7.120425
9.352232
7.547378
8.228726
6.614920
9.430015
6.586015
7.629743
6.680317
7.581478
5.436796
8.453381
6.623373
6.925890
5.738504
8.540515
8.226994
5.833704
5.433742
8.686477
8.768518
6.010039
6.712753
9.444914
9.874513
9.840307
6.184051
5.768209
7.497680
6.150452
7.117938
8.129339
8.536025
9.378117
7.151917
8.351895
9.148629
5.469123
5.645563
5.607849
9.635858
6.138417
8.542728
5.666299
6.767207
7.145987
6.882717
7.648216
5.417258
7.272539
8.799890
5.335173
5.272510
8.055930
9.904358
8.634656
7.345379
7.226096
6.227996
5.311819
7.274622
8.435062
9.248534
5.580982
9.471483
6.309379
8.669502
8.057817
6.337433
5.656734
7.065104
8.114661
5.935645
6.415784
6.016312
6.143764
5.542725
5.785225
7.912310
8.625776
9.181781
5.126047
8.976191
6.598252
6.773264
6.632970
7.279342
7.273517
9.984346
9.932491
7.272430
6.375009
5.259668
5.992390
9.565364
6.806255
7.502420
6.820409
6.863073
5.962510
8.216861
8.586419
8.837466
8.402997
5.079991
6.279682
7.819296
7.345952
7.119430
6.768874
6.105820
9.706837
5.851491
5.996503
5.711008
5.116608
9.979391
7.591419
5.427895
6.394154
6.728620
8.731652
9.033775
8.320753
6.241032
8.589753
9.364388
7.060195
9.465506
9.700265
7.606733
5.040475
8.636767
6.222691
5.592126
6.468959
6.045754
6.538877
6.017916
6.608238
5.484001
7.214721
5.161168
8.041410
9.520338
9.642802
9.398079
7.856632
5.658293
5.991608
7.422453
6.312616
9.680307
9.183315
7.814257
5.447397
5.388685
5.726238
5.305133
8.823325
5.671303
5.387071
9.749059
6.574948
7.810604
7.659397
8.424363
9.373878
9.806358
5.357426
7.901435
9.709855
6.680742
9.440822
7.238745
8.060866
8.765934
8.396686
7.805294
9.268613
5.159072
5.612736
8.261853
6.215825
7.277400
9.728722
7.055183
9.905403
8.947267
9.264899
6.778482
9.772061
5.288268
8.747261
7.667677
6.644914
8.551757
6.747275
6.652387
6.438768
9.206227
8.865101
5.376191
6.583380
9.962462
9.591118
7.156962
8.773833
7.861174
5.054119
7.649258
8.026532
8.182881
8.792550
8.064840
7.094424
7.894584
7.342266
9.646248
8.613043
8.815832
6.878545
5.426190
7.372858
6.926061
7.012588
6.691530
5.937320
9.973710
8.830957
6.992886
7.531455
7.440775
7.743484
6.987041
9.292851
9.423541
6.448866
9.338852
6.545956
6.407650
5.625570
7.646340
6.218736
8.846058
5.530519
7.254386
9.657203
6.947370
7.088879
6.309307
7.524999
9.715377
9.460428
5.362432
8.221109
8.506867
6.761669
7.418932
6.543109
6.569007
9.431970
8.324979
8.843822
6.140157
9.721109
7.851828
8.145782
8.044129
9.652444
6.009835
9.444078
6.980637
6.645148
9.033484
9.020514
5.549561
9.692424
6.249072
5.378891
9.601566
5.254836
5.685050
9.219361
9.372924
8.497087
5.342585
5.443016
9.548760
9.606752
5.902389
7.057476
6.644187
6.710516
7.362326
6.497889
7.153032
5.020630
7.859645
9.550526
9.843368
9.967680
6.403521
8.260803
9.577807
5.508186
6.403045
7.197853
6.362619
7.840639
6.059673
6.474641
8.941081
7.315877
7.025605
8.197312
7.851920
8.596606
6.815157
9.906654
5.209633
7.112165
9.481251
9.690905
6.987046
6.624113
6.522336
5.411248
5.204083
8.418838
7.338940
6.171468
5.953044
6.526674
8.169029
6.816560
9.641205
8.281466
5.933104
9.404057
7.125541
5.391887
8.383838
6.726210
5.136836
6.932440
5.145386
9.375357
6.571232
6.189736
7.125349
9.919960
8.822089
9.622335
7.432489
9.201861
6.646225
7.182399
5.902063
9.396797
5.354608
6.590243
8.469890
5.332287
9.436046
5.438768
8.017550
9.341460
5.928331
5.318037
8.142390
6.005298
9.888002
7.922860
5.485624
7.069519
8.918680
5.449608
7.991444
9.323494
9.569496
5.554092
8.663505
7.195886
9.863342
6.608102
5.981690
7.084712
6.053458
7.161887
5.070211
7.997259
5.590939
8.059507
9.255976
8.545880
6.371862
7.390969
5.938392
5.697008
7.191382
5.478625
5.159386
7.894582
8.344709
9.600371
8.785364
5.730820
7.168757
5.268180
5.240532
6.629615
9.968100
5.014560
5.951685
7.942966
6.165368
5.583985
7.496753
6.929945
5.576699
7.841294
6.838310
6.342405
6.398078
9.434695
5.693720
8.400257
5.659850
5.580386
9.910988
9.776513
9.719159
6.175755
8.792903
5.070549
5.401755
8.763677
8.659228
8.768536
7.544787
8.440452
7.918365
7.399586
5.986200
9.771454
9.905327
9.209337
7.304125
5.129055
6.044636
8.747192
8.854102
8.709154
6.692976
7.507168
5.536031
5.386709
7.010347
6.390039
6.896475
9.636769
8.174764
6.547549
5.106321
9.322287
6.511550
8.704979
6.911847
9.188866
7.887875
5.298871
8.048909
9.141242
5.243108
6.531880
8.192232
9.041445
5.887929
5.127475
7.949215
8.855720
5.258293
7.035413
6.526420
5.235885
5.972961
7.978119
8.411427
5.693120
9.144462
7.989721
7.775595
7.301801
5.293149
5.916152
8.163583
7.299760
9.276075
7.230320
5.318927
6.475906
9.876402
6.110757
5.682973
6.856014
5.932838
5.278556
7.858134
7.301540
7.425670
6.658816
8.239628
9.078243
7.542083
8.509494
6.870766
6.480878
9.860497
7.392092
9.584173
8.466249
7.359814
8.403256
8.481126
8.550592
8.668885
5.129638
8.355374
6.248605
9.686785
8.337111
6.461996
9.176437
6.579127
8.572507
8.649471
8.473495
7.115991
9.179048
7.683725
7.679398
9.024016
6.922787
6.433041
9.497084
9.624607
6.845955
7.345308
7.700544
5.587837
8.427537
7.940496
5.493715
7.491103
9.546694
6.427030
8.023918
6.402869
7.341819
6.620650
6.357886
6.913994
6.451498
5.380189
5.557109
5.362085
9.103580
7.456219
9.726154
9.227293
9.857110
5.489097
9.888913
7.295865
8.075674
6.541158
7.073531
5.553624
7.581660
9.183815
8.759485
9.460255
9.368035
5.040604
5.787405
6.406682
6.185840
8.449522
5.984641
7.290665
7.507694
7.913069
7.778510
7.723770
9.093179
7.225138
6.981445
5.362282
6.086476
9.756056
5.928950
8.985227
7.257299
8.155058
8.178721
5.897586
7.335377
9.763920
8.467621
5.756736
7.458969
8.780904
6.664416
6.691612
8.348797
6.889802
9.342279
7.324708
8.663448
7.604310
8.527517
5.753148
5.570243
9.384490
8.316061
8.796074
6.685397
6.410686
8.569723
6.719797
5.584370
8.504112
8.752571
5.116360
8.731104
9.280456
6.063323
8.371144
8.383728
6.981383
5.913270
9.045075
6.126495
7.771088
7.130168
6.283230
6.397715
6.274207
8.720022
5.363168
7.816573
7.882970
6.037861
6.642749
7.644700
7.130883
7.695512
8.884626
9.584494
5.024871
9.815061
6.799050
8.064060
9.446773
9.195892
7.810697
9.178156
7.074525
9.404144
8.871101
6.131360
9.621842
9.043796
7.566696
7.529304
6.711839
6.656638
8.220155
7.386090
9.837471
6.722407
8.256280
9.057679
5.401471
5.869130
8.152031
7.169212
7.456649
7.534624
6.527878
8.849974
9.834528
7.629260
9.154452
6.418784
9.847430
6.243378
8.791814
6.056799
7.013511
9.886214
5.767840
5.844535
9.152533
9.250723
6.016123
9.258329
5.196698
8.573708
7.810151
8.268462
8.130409
5.470117
6.781806
6.874303
7.016817
8.774310
5.530722
9.411691
7.517445
5.926555
7.837006
9.560832
7.253970
9.046340
6.501665
6.269915
8.525686
5.963574
5.694031
9.529793
7.942482
6.581211
9.929396
8.465694
6.277256
8.693505
9.948279
5.625031
5.730438
8.586933
8.021665
6.189730
7.710868
7.900318
7.930923
6.557531
9.472977
6.718892
5.121818
6.853787
7.093709
7.352541
9.351646
8.993533
6.929173
5.577414
6.423604
5.099970
6.792038
5.535722
9.403416
5.509787
9.111492
6.473692
9.778931
9.909052
6.018559
6.314526
6.700795
8.315608
6.441224
8.460928
6.688336
5.130133
7.827852
7.978856
7.718896
9.519133
6.007199
5.521896
9.079013
6.148103
9.948878
7.678154
7.839984
6.584029
5.384037
6.358394
7.005899
5.805278
7.218484
5.975227
6.173116
8.900294
9.050787
9.295380
8.428810
5.573471
7.156435
8.775625
6.841278
8.114593
6.460667
7.240598
6.907316
6.112452
7.422971
7.889977
6.596640
9.444066
9.992460
7.253794
5.436907
6.044749
8.249232
5.015958
8.673770
5.485976
7.512053
5.793693
5.046381
7.291588
9.811065
8.341687
7.897911
5.980689
9.887234
5.466970
9.953089
9.051430
5.316643
8.841104
6.488957
7.540176
8.149329
5.498111
9.489359
6.335284
8.238876
9.795680
7.472515
6.298583
7.734751
7.678232
8.008221
6.276838
5.594695
6.432271
9.985452
8.524489
7.955270
6.569139
9.902726
7.406882
7.406521
7.843596
7.861528
7.019904
7.833329
8.210915
5.969402
8.460115
9.441840
5.007676
5.068613
8.945501
7.138910
8.434218
8.869817
7.549944
6.284570
6.913351
6.221968
9.085861
6.087075
7.805841
6.655025
8.826346
7.300213
8.202475
8.708223
6.546350
9.185568
7.796763
9.442667
7.512837
7.369155
9.837908
9.815129
9.693797
5.228686
5.756653
8.602852
9.715617
5.261694
5.164673
5.810994
9.779455
6.201063
7.810628
8.777510
6.000334
9.177498
9.819760
9.944956
7.734818
7.477651
9.204902
8.136931
8.341176
5.215117
7.691035
7.937511
8.415557
5.440371
8.904024
9.666164
5.978392
5.947609
6.547038
7.952418
6.680631
7.016441
8.162010
7.923126
7.301489
9.950247
6.770999
6.875796
7.325455
5.060075
8.678591
9.683361
5.853910
8.189799
7.910988
7.562316
9.876802
8.813362
9.912682
6.247354
6.007617
9.520474
6.717256
8.660542
9.806518
9.516848
9.033631
8.240025
6.210286
6.956464
6.774535
9.431361
9.369948
8.304223
8.000189
5.433226
5.225431
9.606757
9.366861
5.701193
6.842370
6.946063
6.888461
5.177054
5.636438
7.735555
6.797136
8.994177
9.974690
5.158133
8.092491
8.439039
5.634778
8.557820
6.237382
5.123542
5.170024
7.557656
5.041821
7.024371
7.945559
9.217898
9.679023
8.514561
7.971403
6.739259
5.304865
8.074996
8.462302
6.792919
8.995769
7.518156
7.851738
9.154671
7.621845
5.569581
8.906172
5.186681
8.849059
9.895358
6.313461
6.346027
7.263709
5.256032
6.115772
9.419929
5.446583
6.505784
8.955603
7.292803
6.967268
9.927153
8.169076
8.307852
9.439736
8.585634
7.983215
5.587634
6.990947
6.602147
9.725434
7.489781
7.344295
5.335462
5.138957
8.183530
9.250322
9.444292
8.671942
8.007946
7.206112
8.622444
8.190903
7.922234
8.699973
7.129537
6.310542
9.258779
8.169069
7.627494
7.958473
7.587868
7.538706
7.134358
9.854217
6.644865
9.298640
6.941302
5.848350
8.715257
9.831568
9.519174
8.587895
7.761302
9.596349
7.213017
6.792993
9.510198
6.609203
7.208657
6.301516
8.477545
5.065441
5.722436
6.110477
9.421327
8.858345
9.302247
8.697592
6.092797
8.887235
7.628691
8.918654
9.720094
7.386144
5.631391
9.331103
7.299429
5.572707
5.803521
8.127886
7.769805
7.390239
9.376412
7.157149
8.842601
9.195524
5.458484
5.195797
8.907073
7.061369
9.867342
9.032076
9.542599
5.654041
7.948075
6.013968
9.692326
5.985567
8.999348
9.887043
9.653343
9.688500
9.656743
5.525997
5.031621
9.215612
5.039406
9.090633
9.410301
9.012396
8.416008
9.191364
5.056717
9.675933
5.491707
6.153178
8.413036
9.169032
8.619182
6.551061
5.681171
7.351597
9.640247
6.065085
9.136708
9.377346
7.466858
6.959542
9.833458
7.584409
7.082579
8.208979
5.481034
6.770127
9.666992
5.904945
9.841686
9.652097
5.215917
7.540974
7.379035
6.666650
6.299757
7.391865
9.539723
8.642954
6.287765
6.284781
7.040549
5.089580
9.052834
5.756287
9.251216
7.130490
8.210741
8.995539
7.122822
6.255626
7.065804
6.040182
9.734887
7.165463
7.881362
7.568906
8.576147
9.684088
8.449583
5.901917
7.203926
8.466653
6.978759
5.043009
7.764292
8.130177
6.407653
5.623534
8.560784
9.495745
5.427933
7.868508
5.973369
6.157289
6.956923
7.504344
6.811277
9.028528
7.949802
6.170437
7.806325
9.884550
7.852658
6.067350
9.257810
5.968764
6.185637
5.744682
5.164873
9.913528
6.829063
5.242821
7.425293
8.694446
5.220917
8.583323
8.022065
8.495199
6.990378
8.442905
8.366139
8.612284
6.443270
9.677974
6.440999
8.001954
5.851512
7.644496
7.990812
7.974326
6.592104
5.337959
9.756250
7.948783
8.728602
7.357238
5.565714
7.627559
8.168402
8.167681
8.676229
6.259160
7.528423
9.567650
9.345113
5.370360
6.794350
7.591401
9.430940
7.731142
5.269248
7.110459
5.613074
6.849486
5.972289
7.995262
5.856493
8.095362
7.938573
5.772046
7.779526
6.132183
6.551268
5.418538
8.044837
8.217625
9.990755
7.135960
6.935190
8.180089
8.923150
8.668250
8.844377
7.935985
9.898779
8.403854
5.524972
8.892674
7.522090
5.673988
7.161257
5.300069
9.173191
9.449055
9.192051
6.444238
5.870761
8.380018
5.512238
6.353145
6.471570
7.697345
5.422189
6.866118
5.292937
6.884708
6.228150
6.009785
7.668812
5.686317
6.995074
7.998965
7.025900
5.906637
9.067819
9.580434
6.952912
7.757427
6.329304
7.692105
7.301205
8.660473
9.982660
5.993272
5.469710
8.860008
9.239409
9.904774
6.308426
7.313553
9.033734
8.210563
5.915752
6.114391
8.561393
5.905213
5.334321
8.388581
9.560775
7.095985
8.881376
8.986869
8.736620
7.459709
9.194886
7.196368
8.899311
5.973205
7.205311
7.853510
8.705303
5.537188
8.815640
5.042046
8.499984
5.675751
6.124442
9.085884
8.116757
7.519618
8.745722
9.998582
7.840265
5.250273
6.719298
9.658057
9.385022
8.548079
6.477499
7.636341
9.828546
7.588971
7.149080
5.741705
5.227176
6.542266
6.395802
8.609610
7.861864
7.993261
7.165849
6.169224
9.297150
9.705655
6.241101
5.114970
5.555856
8.762627
6.807445
7.816658
5.067413
7.182252
8.069938
8.156176
9.768150
8.467110
7.099560
6.152439
5.383659
8.134519
7.667208
7.458522
6.816480
6.450307
6.755640
6.080408
8.332661
9.261616
6.313941
6.371670
7.702473
5.197114
8.911029
6.945854
8.854222
7.607292
9.451672
7.786996
5.474650
5.166864
6.173832
8.786882
5.895470
5.179990
6.738770
7.200728
8.820560
6.137672
7.429477
7.957654
7.602095
5.045288
7.766725
5.873322
8.282546
5.784669
5.583289
9.119147
5.906528
9.009809
5.488662
8.663980
5.188004
5.673965
8.629451
7.116135
6.367988
6.550898
8.795627
9.733288
9.798549
6.623405
6.965154
5.837388
8.753586
5.841232
7.740085
8.411114
6.359331
5.500753
9.463865
6.679765
6.217189
9.839751
6.831553
9.526900
6.739552
7.104362
7.942938
8.737270
6.316006
5.396806
5.532853
5.481899
5.837956
9.386841
5.102063
6.638990
9.808324
6.510365
6.132785
7.079376
7.441911
5.805142
5.774711
9.928800
5.988261
6.722353
9.002264
9.257192
7.794060
7.267233
7.288832
8.039381
5.528181
9.871092
9.270842
9.168768
6.004932
7.543659
6.713983
5.090583
5.280559
6.822445
8.136706
6.084647
7.237129
9.168291
9.210653
7.944641
8.937819
7.457478
8.144764
8.418297
7.004693
5.101917
9.862243
5.442243
6.971604
8.169562
9.671990
9.748657
5.568914
7.336240
6.275498
7.366895
7.412436
5.836019
6.224464
5.992836
7.237183
7.019753
9.453549
6.583967
9.063372
9.081468
8.391701
5.623254
6.954833
6.609138
8.534562
7.306332
7.663331
5.616988
8.792637
5.776937
8.572853
6.026798
9.419194
8.954510
8.692011
6.538250
9.197526
7.715613
9.296261
8.383864
8.998471
6.756346
6.185908
7.234669
8.048914
7.639589
8.834379
6.255141
6.523156
5.199815
8.223453
8.965634
6.805174
7.592613
7.473209
5.393022
6.450327
6.849038
8.104292
8.067911
7.365820
9.912964
8.397528
8.760613
9.469888
6.652941
9.165828
5.408632
6.437947
7.177052
6.934474
7.878924
9.429963
8.856667
7.173313
6.081294
7.113309
8.407048
6.227875
6.316672
5.944660
9.937070
8.946245
5.972470
5.232969
8.646302
8.491820
5.164903
7.266391
6.393993
5.428139
5.838770
9.561128
6.461877
6.377406
9.223843
8.676559
8.502171
8.581900
9.743799
7.932012
7.096665
7.715574
6.163371
9.762027
9.116343
8.037523
7.459095
7.224543
9.703404
6.720585
6.560334
6.939408
6.503583
8.215671
7.546602
9.064205
5.587445
6.166287
9.885523
9.403845
6.219769
5.905414
5.109595
6.767714
7.683053
9.680541
8.578346
8.156769
7.078439
6.753479
6.554381
7.337254
6.003993
9.169660
9.342941
6.991951
9.450171
9.187631
5.963240
8.687337
5.212746
9.181291
9.746671
7.350276
9.488281
9.675471
9.320366
5.790540
8.939785
9.287035
7.217312
7.811035
9.155891
9.996791
8.751295
6.736607
9.862241
9.915559
8.846986
9.627713
6.528953
6.624297
7.560316
6.111054
5.072071
6.199861
8.798361
9.458358
8.918263
7.921433
8.761931
9.525240
5.223125
9.294946
5.274159
8.659581
6.153386
8.452128
7.501768
7.466927
7.029572
5.503613
6.874005
6.663631
8.351376
6.473969
7.944497
9.108912
8.033798
8.271380
8.453692
6.848316
7.915771
5.535558
7.109193
8.671593
7.913535
8.385039
8.634055
7.344645
9.404285
7.017758
7.209808
6.687151
9.065868
9.679925
5.727686
9.712625
8.504740
5.522183
8.317598
5.251584
5.978137
7.834327
8.992746
8.865236
8.308817
6.092094
6.577266
8.222388
5.448296
5.008137
5.266447
9.451131
5.529669
7.722575
6.098308
5.663047
5.931891
5.422672
8.061544
5.583488
9.936232
6.529411
8.916849
7.019040
7.107262
8.282592
6.403860
7.791732
7.166977
5.413579
8.191929
9.459022
8.307575
7.420434
5.086857
8.850703
7.587525
7.979847
7.881163
6.910723
5.645987
6.830998
5.431623
9.989288
9.013977
9.529019
5.244574
8.948584
6.583792
8.512086
8.798144
9.001935
7.757863
6.820959
8.404940
6.796144
8.214536
7.949923
6.909568
8.398197
5.119135
7.062905
6.541856
6.112627
7.744306
5.329930
7.595454
7.745482
5.533386
8.612828
6.380561
6.890881
6.660257
7.840588
9.666015
7.273776
5.733860
9.915555
6.288872
7.280010
5.012586
5.971575
8.365191
6.492428
7.019650
5.469184
7.999854
5.611761
6.551801
9.901456
7.041617
6.544758
8.526034
7.301608
6.806128
5.551934
8.230925
9.615558
7.873348
7.582269
9.395329
5.700242
7.727516
8.990277
7.177343
7.204464
8.955718
6.560426
9.784094
5.580906
7.295532
9.731814
5.781879
7.325846
6.393383
7.611649
5.108048
5.285281
6.378515
9.755883
5.909032
6.594446
7.190771
9.932765
9.488502
8.338629
7.279125
6.828703
8.677751
5.778009
7.272253
6.347858
5.986053
9.648252
7.438465
8.384988
6.269297
9.032240
6.036707
9.632733
6.889891
9.656933
8.215269
8.491597
5.120404
7.626533
6.583773
9.911719
7.845111
7.120109
7.321468
7.209657
6.811251
5.345381
6.944925
5.123981
6.419863
8.644155
7.721110
6.308218
9.025818
5.728072
7.610858
8.056736
6.961382
6.179701
5.108219
8.455360
6.486522
7.940362
9.951741
6.914523
9.239682
8.484749
7.588172
5.301202
7.096810
5.439323
7.523721
7.760609
9.229698
6.698156
8.943645
7.602269
9.080705
8.261991
7.320483
9.237534
6.199777
7.039580
7.755821
9.771798
7.212523
8.605908
7.734535
5.684765
5.544102
6.994140
8.069528
9.599062
6.074031
5.007251
6.217231
5.692600
5.615386
7.305009
8.536747
6.360324
7.443030
8.688937
8.225145
6.612917
9.009511
9.223136
9.860945
7.797846
8.561823
7.558607
6.587186
8.350355
9.428911
8.671631
5.364241
8.811369
9.004156
6.673013
6.616846
8.785491
8.032251
5.348002
7.598251
7.013491
5.033201
9.353204
7.596479
6.561271
7.448890
5.925768
5.929082
5.292868
8.313672
6.057089
8.928192
8.136489
6.768512
6.279781
5.935090
5.536268
5.469904
5.543934
7.984090
9.870421
6.497705
7.588174
7.883991
6.563228
6.411603
7.772870
7.549956
8.281546
5.966640
5.852793
5.644074
8.239896
6.553571
5.296852
8.481963
8.988361
8.139669
8.505533
9.956817
8.226213
9.172952
8.599572
9.471765
6.081647
7.249304
5.536696
7.083968
8.434015
8.979947
9.841390
5.545343
6.434093
5.537091
5.740046
6.937125
7.342508
8.037589
6.786765
5.119806
5.605666
5.047770
5.179204
7.481465
6.523739
7.154472
6.601649
6.051369
8.685727
8.310058
9.859691
6.215569
6.974785
8.387944
5.613510
8.994167
8.139962
8.857131
5.667126
9.211469
5.228717
7.571155
5.186732
6.963990
8.346963
7.156817
9.822881
8.393772
6.974956
7.825496
8.134344
5.445920
6.238947
9.603923
8.095270
9.910029
9.847083
9.358870
6.873190
6.954589
7.126364
9.887257
5.258540
9.705448
7.759413
8.699217
9.032652
8.378109
7.973438
6.884591
9.852791
9.411379
6.302146
6.987680
9.471456
8.615754
5.312825
6.746859
5.585261
8.068585
5.224943
6.984738
5.865312
5.696139
6.252876
8.022920
6.278154
6.937932
7.213400
9.320203
6.669073
7.439105
7.281845
9.203583
7.534648
9.472785
6.947497
6.543062
6.948423
7.124205
5.945307
9.453893
8.630417
7.536761
7.758210
9.843836
8.070770
8.931214
6.292288
7.737041
6.952198
9.932646
9.699071
8.009512
5.888983
7.121714
6.228465
7.576251
6.103898
5.069634
6.812007
8.961303
5.269036
8.156435
6.682748
7.224434
7.469941
7.196631
9.839210
7.548281
6.786359
6.426145
8.315547
8.811223
7.951429
9.411369
9.076227
5.895181
5.097335
8.602676
9.655322
9.835876
8.028470
7.836770
8.915327
8.643971
9.759732
9.322192
8.027681
7.061362
9.126039
8.137848
7.149871
9.583080
9.142955
6.352398
9.942818
9.433339
8.422950
5.990393
5.109012
6.199251
9.000506
7.503933
9.904783
9.855191
6.658788
5.493915
6.915246
5.143493
5.398491
7.032153
7.740163
6.842875
6.374000
5.249261
5.954868
8.264228
7.298096
9.217441
8.048700
6.035626
7.009566
6.358478
7.285423
5.883867
5.366680
5.457812
8.697115
9.298019
9.186812
6.498866
9.937018
8.280238
5.943919
5.148714
5.441493
8.571588
6.244246
6.141166
8.254290
8.818012
6.178172
5.145704
9.762439
6.534518
5.432483
5.437860
5.874026
8.496157
6.629402
8.020878
9.525506
6.639392
7.216248
6.588567
7.561174
7.109506
6.848250
7.092716
5.629674
7.440670
8.111232
8.864119
6.175128
9.796176
8.086065
6.130902
8.418546
5.322531
8.078676
8.506876
7.185548
7.965207
5.734658
9.683215
6.173161
9.756223
5.461076
9.027121
5.773190
9.319403
9.128863
5.276177
8.225261
8.644914
6.388995
5.756098
9.179793
5.431728
5.740977
5.161214
9.685037
9.943566
7.446729
8.672485
9.346712
8.020399
8.713114
7.414711
6.017690
6.698212
6.176772
8.371408
6.768650
7.209059
7.635323
6.059761
8.193045
5.680249
5.127417
5.153177
6.421646
6.841445
9.222431
5.826847
7.641878
5.803838
8.658534
6.923597
6.378924
7.089411
6.144681
9.654546
8.003503
7.193058
5.065905
8.143648
8.698116
5.548344
7.432206
9.992989
8.217519
9.217254
7.538748
8.509177
9.288069
7.174453
6.137246
9.775238
9.044217
6.602154
9.639405
8.478990
5.728669
7.335671
7.838913
6.673075
7.525512
7.810427
5.553051
7.731729
7.914072
7.425328
6.406260
8.380434
9.541664
7.419998
8.400669
6.151593
5.738042
5.761956
7.545235
8.398136
5.085964
9.132363
7.154348
6.495506
7.170026
6.930309
5.385344
6.388902
8.250454
9.856345
9.449291
9.498489
7.480705
6.192167
5.973835
6.857549
9.366031
9.196364
7.408591
8.375553
7.856107
7.480134
9.845282
5.990850
6.935299
5.646793
7.572169
8.968030
8.297827
9.910132
8.072616
6.613805
7.491996
7.371175
7.317633
8.305447
8.739720
9.693320
7.680272
5.764779
8.096936
9.206884
9.236179
6.393597
5.375688
5.799454
7.567369
7.343669
6.848862
8.167014
8.628960
7.142874
9.176569
6.364192
6.999463
5.855957
8.526780
7.854645
7.748616
8.409882
6.931421
8.872172
9.441564
6.620971
7.690893
9.788603
9.727863
7.723038
7.907874
5.826036
6.089534
5.037673
8.766764
6.834305
6.056993
6.304312
7.416975
8.497270
9.017432
7.235408
5.102406
7.037094
7.131246
7.192379
5.486992
8.085841
9.096431
5.607290
7.193131
7.349380
5.333808
7.235700
8.424237
6.851343
7.028477
9.810565
7.449609
7.988350
9.624271
5.835763
5.386638
9.860171
7.021569
9.252814
6.241215
6.960982
9.028083
9.241853
6.371530
6.045778
8.478420
9.681603
6.818931
6.029886
6.039765
9.675920
6.414862
6.760846
5.101592
6.688691
7.071953
7.967287
6.762179
6.440676
7.254821
6.959689
5.501151
5.017153
9.144962
9.267966
5.975323
6.962228
6.660111
8.584706
6.515908
7.498239
5.964946
8.836946
9.697252
8.203493
7.515381
6.810998
7.662177
5.123005
5.567158
8.832540
5.071419
8.097764
8.499060
6.717552
6.367880
7.576248
5.553446
8.159944
6.053839
5.229383
8.050885
8.376787
9.334236
8.218724
6.955720
7.237024
5.694725
5.265210
8.651315
8.593205
6.605897
5.470043
9.106806
7.080008
6.472388
8.081867
6.727546
7.586144
8.567880
7.544899
8.809257
5.195401
6.788274
5.991297
5.827046
9.959319
8.675184
8.560906
5.044352
6.290526
8.506133
9.954576
8.865621
8.542020
5.907742
5.906096
7.773030
6.615660
5.395504
6.516528
6.060635
9.103477
5.547829
8.664402
6.092915
8.443308
6.444723
7.537926
7.801081
8.020273
9.639681
8.900909
7.485264
8.392493
8.960345
5.418302
6.867015
9.113815
6.902676
5.225915
8.839181
8.610848
7.640104
5.832849
5.200960
6.778349
8.946034
6.942499
9.908736
8.887509
7.478085
8.501462
8.847450
8.823285
8.602410
6.060857
6.242181
7.315664
6.502074
6.902851
6.992872
6.938875
9.302151
7.949137
8.692606
9.856168
9.020631
8.202436
7.694340
8.750925
5.380346
8.397905
7.429789
6.035293
5.704535
8.320741
7.178260
5.341987
5.805732
9.440806
8.687599
6.210676
5.982228
6.791428
7.681021
8.705024
6.696055
5.762557
7.557356
7.375347
5.479242
7.410056
5.097506
8.499947
8.711236
7.473227
5.917048
8.564076
9.431797
5.322550
8.235560
5.039782
6.734754
9.135215
7.763499
6.183364
7.243589
8.494381
8.747899
6.044900
7.109133
8.129920
6.707701
6.847596
6.836886
5.533204
9.774861
6.930763
8.665577
5.881397
7.682514
6.805013
8.814116
5.750058
6.973102
7.461474
5.368932
5.285697
5.918287
6.410732
8.771141
6.292226
5.333020
5.123183
7.380045
5.936888
9.160977
8.415622
7.995420
8.390794
8.357716
7.794307
8.358749
9.618180
6.867861
7.712794
9.236643
8.305412
5.751409
7.969750
6.824610
9.347862
6.081161
9.793825
5.771313
8.613651
9.719568
6.763532
8.072247
7.351577
7.303460
7.446241
6.011745
6.331577
8.554804
6.828799
7.123676
9.388139
7.342043
6.199892
8.099500
7.502557
9.922536
8.132855
9.817894
8.211347
8.032285
9.741164
5.202864
5.446889
6.196249
6.552037
8.024966
6.084497
8.725402
5.553599
7.075432
5.391413
5.074848
5.129396
6.768568
9.351668
5.843383
9.640274
6.090192
6.843085
8.173230
6.540791
8.858690
5.951412
9.425198
6.045253
6.176331
7.145270
6.017755
7.643197
5.003712
6.253298
8.673633
6.973047
7.059131
9.114082
6.079753
6.670536
6.974830
5.442563
8.984473
8.467193
8.849105
5.419526
9.594989
6.106899
6.608420
8.207149
9.457817
5.499138
5.809508
6.018852
6.261022
8.234032
6.373920
6.105360
6.470014
7.543833
7.534005
9.480065
6.181474
7.597452
5.792326
5.110301
9.697060
9.729418
8.877890
5.103066
9.953476
8.000585
7.829273
6.356114
9.417765
8.930642
9.000418
5.001382
9.450296
5.298969
7.640323
8.664471
5.935849
5.649438
6.081281
8.237948
9.522408
7.901402
9.442284
9.060420
7.647867
6.371533
8.717570
8.360636
9.267955
6.632528
8.702230
5.708761
8.781477
7.459416
6.230750
8.709637
9.822536
9.418087
6.345120
6.201505
6.506972
6.745596
8.046893
8.735642
6.885267
7.314169
7.060773
6.673245
7.515446
6.523578
7.030479
9.687349
5.931872
9.043173
9.887503
6.216870
9.612043
7.290267
7.826880
6.552700
8.671550
5.088475
8.849393
6.793048
8.154300
5.839036
5.612012
8.807577
6.190926
8.378621
9.233352
6.332015
9.531003
7.140202
6.978474
9.448730
5.737251
7.515082
7.047176
6.668504
8.229245
7.661476
9.672626
7.640376
7.330319
6.460721
8.376361
6.434448
5.697129
5.015760
8.077100
8.353601
6.444949
7.554312
7.227176
5.154993
5.040535
9.909816
5.240036
9.861121
6.716030
5.922917
5.418610
7.693129
5.898873
5.701187
7.685042
8.992961
5.606023
9.295667
9.812194
7.336014
8.665595
7.146319
8.638406
7.689260
6.804183
7.725734
7.741466
5.563907
5.537995
7.970808
5.301080
7.232708
7.528844
7.412376
7.650282
9.322174
9.457717
9.429915
9.610351
7.658161
6.044550
9.901306
6.759209
9.173852
8.204249
9.191208
9.529747
5.054084
6.773235
7.756790
5.873952
5.978304
6.108825
5.038695
8.286849
7.675578
8.589700
5.618253
6.927133
7.312573
7.329078
6.371776
6.681298
9.959871
6.307501
6.686115
8.672872
6.772893
8.212955
5.434797
6.788559
5.939108
8.830359
6.630755
8.484035
7.930143
8.558856
7.744302
6.510267
9.729217
5.107541
8.363912
6.732867
8.025394
7.149816
9.716980
5.759808
5.552261
7.796834
5.135396
8.157117
7.562371
7.375195
9.230625
8.475726
7.894309
8.987866
6.326731
9.379174
6.530504
9.000219
5.851365
6.479542
5.644011
8.790405
6.343671
7.904321
9.523504
6.648817
7.347860
9.585054
8.068476
8.987299
6.235339
9.347974
7.538032
9.332023
6.010196
7.845457
6.057553
5.468708
7.434884
6.427346
7.796401
5.104840
6.123492
8.027682
5.933679
5.144116
5.625527
5.643498
6.343636
7.088598
7.573265
7.152517
6.862966
7.756821
9.662583
8.503013
8.499754
6.288389
8.265178
6.387471
6.705190
8.745812
5.482580
6.906556
5.483894
7.410130
6.957082
7.945446
7.104977
8.958499
5.262115
6.673870
9.942979
7.772181
6.462512
6.090827
8.601789
7.670572
7.381733
5.370134
9.502058
9.260066
6.533502
9.158540
8.831311
9.777954
8.073940
7.920926
5.145469
6.908454
8.226762
6.747830
7.617081
8.822062
8.945687
5.914664
8.995803
5.298192
7.842276
6.591618
8.325966
6.870981
8.948203
6.229972
6.039479
8.903125
9.828935
6.511198
5.932083
8.331893
9.842245
9.178773
8.630187
9.484633
7.169929
5.077505
8.143861
7.671915
8.631639
9.953550
5.582385
9.198732
8.708395
8.918037
8.548427
9.011265
7.610559
8.031499
7.815484
6.144870
8.405794
8.442837
5.455390
5.079736
5.160150
7.860997
7.987435
8.136615
8.421872
7.834436
7.859549
7.661176
8.043524
8.114060
9.096630
8.941438
8.852920
6.039545
8.621386
7.969790
8.778598
9.206969
5.569713
8.686497
7.791109
7.076299
5.419939
8.005306
9.052748
5.086206
6.830969
9.838232
5.396036
7.101196
9.519681
5.527951
5.451387
8.970465
7.189440
6.802608
6.900827
8.831938
6.731972
5.314731
9.364739
7.987618
6.388727
6.734673
7.789334
9.096915
9.904820
7.586204
8.713386
9.074798
7.285360
8.990746
9.449941
6.121449
7.159913
7.040630
5.274399
5.719720
5.025352
6.735278
9.569269
9.299408
5.029191
9.575429
8.405034
9.004105
9.895248
8.593562
9.816548
5.673767
8.834802
8.269565
9.223508
9.008850
8.481281
7.781276
7.855509
9.145863
9.940491
6.749669
6.014813
5.700486
5.114466
9.079695
7.431574
7.431347
5.266084
8.712206
8.048821
6.287242
6.058745
7.200232
9.894198
9.384952
7.205609
6.954580
9.185576
8.899079
5.922458
6.210082
8.675968
8.648020
8.533329
5.414598
7.509120
5.870338
8.441139
7.871174
7.325246
7.798218
5.987946
8.589719
8.113183
5.010482
7.199125
8.452723
6.336268
6.511585
7.241150
6.370231
5.240636
6.175840
5.044852
5.812317
8.832189
6.485896
9.759220
5.636634
9.600861
5.330060
5.576952
5.579293
8.471394
7.178531
6.279428
8.688790
8.986941
6.419253
8.347345
5.453727
8.552062
6.742762
6.837906
6.429953
8.516802
9.952746
7.688413
9.543931
6.399147
7.326662
6.655207
9.351321
9.611007
7.177788
8.701029
5.701211
8.970250
9.089770
6.237942
6.151526
6.110718
9.763031
7.008803
5.854267
9.432908
5.356944
6.433532
8.259773
9.937042
7.192959
7.088061
8.099648
8.173506
6.891264
7.304258
5.574633
9.080449
7.057785
5.004363
5.796243
6.322044
8.626753
6.673708
7.993267
6.683861
8.385119
5.891433
6.404143
6.609812
6.276754
6.751573
5.079980
9.033281
5.034487
8.873172
9.858302
6.969191
5.368290
8.458470
9.169152
9.819354
6.850491
5.672683
9.329040
6.734274
9.946663
7.202227
8.872072
5.879567
5.718221
6.456402
7.215859
7.920703
7.227880
9.303286
9.432060
8.030934
5.946662
6.511079
8.499172
5.916140
9.598206
8.612017
8.388431
5.946295
6.164113
9.941373
7.767157
5.387831
9.599715
7.959866
5.268202
7.118539
5.277342
8.666222
8.708394
7.406832
8.959477
6.737356
6.737765
8.117847
8.764779
6.070052
7.734055
5.406187
9.884332
5.153793
6.865641
5.732168
9.466023
5.773443
7.736275
8.096293
7.945429
9.252644
5.943261
7.342035
5.192481
6.119798
7.446984
8.249410
8.592027
7.642604
5.420566
8.193185
8.035674
9.030771
9.163522
9.891855
5.113636
7.581268
6.921538
9.332773
8.948185
8.453102
9.231899
9.281550
7.053906
9.665775
7.393549
8.375685
7.379619
9.119958
6.807891
5.780929
9.085161
9.651011
7.336940
8.429111
7.099581
8.160424
5.298463
9.016664
6.133658
6.873094
6.900925
5.385535
6.958136
9.094279
8.600394
6.289661
9.064186
9.611783
7.546049
9.314600
8.734464
5.229330
8.291669
8.271574
8.429214
8.725651
8.020817
6.923044
6.449768
6.480229
7.232900
6.960717
9.472691
5.492667
7.399829
7.355813
9.809797
5.737269
6.085619
8.542718
7.794054
5.799696
7.554111
9.312411
6.102278
7.314513
5.321122
7.150027
7.099885
8.079783
6.888765
9.661426
8.802407
7.301956
9.885971
6.177247
5.898561
9.176779
9.768441
8.427736
5.367242
6.468076
5.973826
7.146583
6.020803
8.280086
6.360763
8.266154
7.116016
9.807210
5.886784
5.675455
6.172565
5.228457
5.172445
9.858725
8.260379
7.985484
5.089609
6.450408
8.842541
6.665347
9.355877
7.961333
9.646832
7.856917
7.203132
5.889017
9.562101
9.646897
8.872074
9.591605
9.427756
9.272690
5.935170
6.900212
5.413131
6.915857
8.674824
5.240182
9.272350
6.036794
6.141750
5.486882
6.323998
7.438944
7.474670
7.423393
5.489108
9.411959
5.270278
7.975733
6.858343
7.249588
6.554301
6.730316
6.853496
8.936714
8.910922
6.401875
6.482862
9.967715
7.048145
8.880963
6.808728
5.847479
5.922986
8.106664
7.284317
9.933457
6.616928
8.796386
8.727400
5.805739
8.355575
7.292238
7.731228
8.557940
5.063829
9.621579
9.374098
7.717633
5.767169
8.330155
6.923230
5.614097
9.599065
5.184313
7.515740
8.517355
5.933227
8.138881
6.396900
9.274312
9.042954
6.656096
7.761194
7.177944
8.404641
7.144213
5.833612
8.956690
9.900888
5.345433
8.205281
9.306060
5.393027
9.809962
6.701208
7.704225
9.185071
7.509661
9.426663
5.924791
9.449161
8.742848
6.238242
5.976545
6.040041
9.785934
9.123536
6.339539
7.850373
8.141870
6.092777
6.188978
8.447857
9.768241
8.715555
7.035513
6.275036
8.321186
5.742471
5.950381
9.031616
6.448299
7.536362
9.672886
9.227893
6.174613
8.666721
8.573595
9.540453
8.897612
9.544945
7.875842
8.220008
8.188759
7.890506
8.928483
7.432473
7.566613
7.370243
6.350731
6.327629
7.554482
9.508630
9.122029
6.612516
9.753593
6.190276
5.877575
7.051697
6.709669
7.736061
5.844275
7.292353
9.518296
6.080471
9.058198
5.669862
6.584633
9.464032
5.845760
7.909769
8.430110
5.234880
5.601557
6.338551
5.383189
8.311480
9.549426
8.362593
8.856410
5.027165
6.609005
6.138456
5.721776
9.833026
8.322205
9.264146
7.224104
8.341920
5.991746
8.921503
5.205086
7.477165
5.552395
7.697987
9.815407
8.878786
7.976690
5.466347
7.937281
9.272285
8.339914
5.030398
8.843743
5.227896
5.904053
9.175775
5.568884
9.380801
8.017129
9.741110
7.773969
9.730000
9.080644
9.958867
7.686660
5.359066
5.039695
9.994111
5.013387
5.459000
9.784162
8.467196
8.627875
5.977684
7.964848
8.844955
5.057845
7.008125
7.806209
5.757427
7.039219
7.494419
7.067209
8.478078
5.855325
8.236967
9.606142
9.652468
7.254482
8.267682
6.124423
5.760465
8.396697
8.263134
9.585455
9.241207
6.495454
5.473773
7.230454
6.616753
5.614496
8.709538
5.721997
7.112062
5.657160
7.277324
9.428926
5.501274
7.645040
5.278918
5.257597
8.436633
9.999935
7.761497
6.978741
7.622623
8.181429
8.278542
5.758919
6.170145
6.180984
8.213998
5.325255
6.613239
8.842339
6.213741
5.189636
8.665115
9.952207
9.447350
5.568878
