5000
7.982960
-2.906731
1.148902
-22.697442
7.222107
2.229846
32.827458
6.055284
-8.505787
8.744639
-3.243317
16.053733
-3.055419
-19.015517
-2.938902
0.910448
22.382040
-6.923559
-6.869314
-3.182593
9.082091
3.324899
-7.925708
-21.572660
-23.533506
20.088997
-39.442133
0.451157
8.777148
-1.581240
20.665237
-4.509390
1.199076
-4.243060
12.988624
-18.349566
14.953418
14.231317
7.514351
21.832515
19.987007
-3.767922
4.496422
-8.230967
5.551862
15.731633
-0.131237
33.143927
4.116004
6.710358
6.901158
2.231754
3.342980
-7.747052
6.435987
11.301583
23.428884
4.591099
24.399452
8.395617
-11.377604
25.031257
-3.985127
32.263223
16.068563
7.943581
2.321012
5.841938
2.356658
-0.533291
2.029428
10.434562
-2.569672
-11.400842
2.918670
-32.454914
27.461557
10.875219
17.718597
0.206251
-8.220438
4.851392
-8.046773
-9.683292
9.728897
16.870690
-1.246316
-12.831229
10.582249
7.993122
14.392343
17.994518
-0.081187
3.193600
2.484062
6.419768
4.654469
0.572412
1.985753
1.556256
8.139062
5.350997
6.886843
6.663292
-2.168971
14.935907
-29.560388
-13.546428
13.304294
0.002750
-0.441749
3.207067
-4.778771
13.451204
7.075991
8.998803
5.492261
14.594001
-13.084601
-10.550170
27.187810
9.002288
-1.572082
21.881049
12.358789
-2.462290
40.475206
-4.495029
4.400930
-37.003659
11.290564
-3.794202
2.284176
-15.911517
-6.898190
19.777606
26.011247
3.067635
13.625087
7.632688
1.490125
-13.209961
3.433227
-4.622788
7.123028
7.667505
-6.885224
-32.747094
-15.289876
-16.018199
-2.209164
1.851770
1.139071
0.852821
-2.566078
0.199509
-5.275078
23.768874
12.698186
47.096092
-1.649245
51.494554
17.820262
5.638185
22.134582
14.961182
-12.135785
20.282403
9.251241
-2.364113
-3.408204
10.779203
-6.853918
31.083618
-17.251054
-11.036916
3.354549
-11.255480
13.927653
-12.745262
-12.433731
-3.153782
-4.151056
18.651080
20.406611
-3.208316
1.419661
-4.707049
-5.920909
1.884129
24.986643
-5.491664
27.341802
4.815256
22.085963
-4.072738
24.935768
-0.015015
22.391281
21.850754
28.322257
-3.638766
17.720851
11.528320
9.209049
21.204157
5.797410
0.684456
-29.531044
21.747203
10.201778
10.127951
-0.539358
-14.742359
-3.931888
-0.056400
24.545745
-1.963513
-1.822649
4.724924
14.147499
-2.182122
13.058743
15.621262
12.301654
11.119337
-8.853427
10.308085
3.738763
21.051265
20.319702
9.267284
2.549612
30.756638
0.562490
19.617949
17.887132
3.599237
3.829255
29.622527
12.661536
-4.230860
6.366831
9.553479
3.329531
9.063825
18.968976
14.339275
-34.419119
0.628096
28.161213
-14.646842
-5.840415
26.852275
15.530929
18.341618
2.810654
-4.570137
13.472517
10.817524
4.561867
-17.146628
20.717482
-0.682176
10.018820
-2.843198
0.479991
1.358583
-24.823451
-6.980738
-0.104561
26.624909
4.968320
-2.903810
8.272911
0.920057
-9.470346
-0.445993
-15.757408
10.429879
5.119769
12.298322
-4.736696
-6.765559
5.000232
15.098016
-3.297035
0.971272
-46.799098
6.246303
13.586908
19.230938
-8.295973
20.177548
11.457164
-3.272168
5.116168
-25.515438
4.815670
4.770608
3.401465
10.431636
10.882201
15.038232
0.643722
20.551323
11.033030
5.637563
5.456230
-3.786912
-6.556219
-3.821182
4.473913
8.428373
7.057913
3.043462
18.995024
18.050226
15.245621
-10.964856
2.254822
10.095366
-10.717705
14.683773
22.723402
-4.629540
0.664038
8.910584
7.842894
4.760528
24.063101
3.789007
-19.050483
20.296706
29.602801
0.507518
11.987066
-26.937079
-14.718279
4.448311
13.100836
32.948774
10.835731
0.034014
19.375677
19.624785
32.650871
4.523123
13.213827
4.238834
1.348125
11.927191
-3.167761
19.698225
-8.445357
-1.223003
-12.243910
17.476812
-5.239100
-3.313373
12.135535
-36.876656
6.911123
17.798903
-3.966325
47.663784
-1.626575
6.029013
-3.389230
-5.033201
29.225814
10.065427
1.643100
-5.428318
-6.971320
2.353229
10.681399
15.704466
0.238953
2.631929
20.316994
11.644157
8.257303
2.345740
39.912203
9.817721
10.569984
22.874311
1.610901
9.582496
-29.150781
-12.659637
6.498229
2.551394
23.460554
18.554798
0.639836
-20.147982
0.088039
11.549367
15.878359
-5.166622
6.142934
-0.076740
-22.730553
7.615638
4.828152
8.405987
31.581779
36.365137
-1.690724
8.039620
7.902585
8.146729
15.143638
14.422843
4.961187
-2.817622
1.762330
-1.002943
0.030424
4.286527
5.365676
-12.853809
15.390117
-14.993912
-1.583206
6.799190
14.756572
29.827687
2.157492
23.674624
-3.043903
12.201890
17.808765
-8.770329
7.369687
-35.916502
27.303508
4.967960
5.177327
9.791395
21.372817
7.987349
19.424773
-5.424228
8.565842
3.609949
0.096332
19.681276
5.469721
7.888890
2.057202
11.413840
3.834826
12.373701
10.840390
4.832169
12.451188
-2.923843
-1.065643
17.695930
-12.720566
-9.739715
29.862534
8.619460
25.628068
-0.284880
2.348270
3.468901
0.780638
-24.486050
-6.146595
7.338520
3.034310
-12.456333
30.294176
8.773531
7.960010
4.310365
9.398079
12.895050
13.610304
2.893607
6.317908
26.877120
-9.700857
0.419841
21.664065
7.052552
2.097526
15.279120
5.175816
8.375568
-5.722903
-6.285194
-10.454483
7.432971
0.874934
-48.667323
20.479679
-3.048950
3.922345
10.487120
-11.261800
16.799233
7.323025
-3.762821
-2.291336
30.826868
-20.212392
14.597713
21.773169
9.065471
1.378507
0.313008
5.235594
22.488109
9.675197
3.674289
-7.520807
-6.020554
-4.950472
-7.770004
31.277627
8.380004
5.203178
22.887605
-18.545562
11.561735
25.745474
-6.255007
5.181366
20.953830
-1.139113
6.147975
3.936396
-2.706307
5.436684
16.187775
1.694839
-1.172558
6.363982
1.901931
5.858148
-3.751762
-10.363543
5.690695
-1.044408
18.910615
2.769274
4.995510
4.509092
2.585283
8.115936
6.634500
2.828177
-1.878985
20.616707
7.133265
22.130145
0.338212
12.269521
5.210231
16.344043
11.528646
11.162906
-2.404344
18.490630
0.797939
25.149979
5.598462
-6.678321
0.388881
4.041311
4.347032
19.175199
4.495460
8.229621
11.812742
-10.282601
42.162818
4.322323
-5.301178
5.705018
12.059096
-1.336191
10.401458
14.045349
2.453200
4.224962
7.008511
-0.666097
-1.495877
16.903646
8.013723
-1.222462
5.418412
8.739403
2.782047
26.521960
0.381915
14.005898
9.685805
16.788874
5.387133
39.064385
-10.867584
2.852237
13.509747
19.137118
3.657873
-2.373339
6.835952
8.423083
14.432517
8.841361
38.761176
-18.571341
-10.231046
5.659909
25.266766
21.773280
8.950689
4.946281
10.404608
6.106124
-5.178337
0.509453
32.061723
1.951440
8.132378
6.126829
4.842190
1.548840
-12.653273
5.592990
9.496133
9.591578
-6.420388
10.806378
7.871947
-13.837783
-18.431227
9.426836
4.573212
18.320278
17.175742
-9.123611
9.919478
5.882823
34.348118
-18.794206
0.838828
14.737145
6.672179
7.396775
-4.343226
4.865829
-3.404852
2.279637
-2.934436
12.052112
20.499690
16.418520
-16.703826
-2.437116
-1.719882
-7.896312
3.625670
8.769409
38.919854
4.453503
12.167466
-7.855646
21.456617
3.845829
-10.357676
14.182536
11.829171
5.848814
12.439484
-34.367120
14.679350
34.052631
1.925919
2.811142
0.048393
-4.658938
24.139299
12.589261
8.336723
13.126673
3.311284
17.645694
16.692858
18.255259
23.497901
-2.089839
-1.333826
20.006856
8.656947
3.471662
-1.614279
7.158843
9.015428
2.863987
20.238832
13.327653
14.300326
25.816027
-9.020984
71.940869
10.932756
12.214965
5.903031
7.300286
-5.890460
7.838500
18.000748
-0.767298
0.747897
8.357360
-7.524827
2.209439
27.978504
8.928337
15.992692
2.798739
-17.621875
17.788593
5.980529
-7.224494
7.489132
19.386628
3.794212
15.387723
5.631162
5.065791
5.768028
12.558052
-4.588972
9.070084
16.491666
4.430166
-6.306593
7.620223
-4.659678
6.823157
11.607077
50.003367
3.705229
33.956957
5.264643
-6.364626
9.025576
7.557500
28.207486
1.097527
10.304212
-14.290728
8.179955
5.680290
6.540410
6.661911
-31.926604
-22.999039
4.941442
41.906167
2.244108
-2.567598
-2.036652
5.725857
19.975101
-7.570099
-17.253468
13.514262
5.370390
31.935364
-15.596987
-13.453509
7.784685
9.130642
-10.493476
19.948153
6.356303
-4.718394
-6.078979
12.148082
-19.603410
9.124904
8.796463
-0.218639
27.009833
-10.734038
0.973845
-28.505634
-1.418169
1.769948
7.038050
3.729271
14.295329
30.094659
-16.762462
43.995997
5.172774
7.898121
14.032516
22.434662
3.828730
15.572692
4.267642
15.026449
-10.873881
15.662464
7.909179
3.808505
7.151367
5.537178
18.884151
20.033838
18.133943
10.842490
3.304495
17.137286
-9.270520
-3.053181
-5.716323
-7.917374
16.289071
4.435429
5.464722
-1.766544
-29.635604
-10.825610
7.138984
-17.171247
-8.052032
10.898869
3.774207
-26.692071
-17.763668
6.247592
-33.064287
0.486461
33.978261
6.763160
23.078922
4.191597
28.145764
-15.634443
10.801576
4.069893
-2.752417
16.022394
19.060028
13.908657
14.057583
16.207846
-6.141804
23.072849
-5.505685
2.789100
6.380813
-6.168097
-13.400352
3.454357
1.219295
-1.099472
-3.894662
-18.072191
8.709386
14.097589
9.839691
-2.885814
3.182057
-12.193117
6.445575
32.124573
12.340665
-16.331108
-1.070351
-7.391079
8.135993
4.757735
-8.570237
7.459784
12.477780
1.455483
-5.060934
0.229468
13.084018
-13.341621
5.045461
5.879913
2.674971
10.042793
12.407678
-8.780502
5.018025
10.098392
-10.930366
11.214995
5.399681
25.907931
32.877930
27.014599
2.430909
11.065671
25.064337
24.411468
11.965774
11.688692
0.228240
3.883514
2.543700
19.001054
-12.384818
3.145243
-10.084499
8.449754
-0.343548
6.447737
9.391940
-3.919991
1.877802
2.425047
2.808460
-1.831729
-19.205235
-3.028925
6.985052
32.432248
9.292922
13.487680
-10.786058
-3.146467
16.526554
10.848883
1.750238
18.830205
32.106275
5.249513
13.590288
18.560204
13.823453
59.612108
12.046496
20.459843
5.906322
6.031075
25.777265
11.428400
0.099766
32.016203
-15.373478
-5.711899
3.556610
9.999480
-14.545894
-13.145934
3.992833
-23.458449
-20.043357
37.502639
-14.047164
5.660942
-9.980525
10.469856
-1.756196
7.925343
-0.480415
9.662943
9.137649
1.788798
-13.411011
7.097824
8.379369
-1.079724
5.837211
6.111523
14.315912
1.626401
-8.568881
18.657463
-8.310199
4.547068
12.354810
4.769872
-2.128365
2.357139
26.327976
-57.796727
1.717288
4.533311
10.868382
-19.320028
2.343084
4.666027
8.889266
-15.641399
18.068513
7.991622
20.786050
-25.613473
12.286279
17.681271
-9.322680
-3.957517
14.657550
1.356324
2.617346
5.337286
24.910429
19.519706
-7.444121
-2.408680
-1.147226
6.166721
18.279260
-13.409586
1.625360
-3.683230
-14.209738
12.233726
5.815994
-4.022701
-27.523579
1.166089
-5.261006
6.122210
17.096851
17.661566
13.576976
8.014419
7.591313
-25.511976
22.287485
-2.540355
-6.164878
7.326395
-10.395492
3.113610
9.225007
-0.924946
-9.987041
47.077009
5.990720
6.825417
10.167144
-1.610315
-2.380550
-9.579409
-15.404930
6.709891
-1.452948
48.796059
7.962696
2.805436
22.977519
3.938772
14.844990
25.309956
-17.830858
9.179122
19.473103
0.768749
31.688363
21.626171
10.942910
3.484236
-12.374078
17.655732
3.902439
7.395528
-4.734855
-17.330159
-0.241972
-14.543512
1.454108
-24.199338
1.635939
3.301845
29.524149
30.531426
3.878315
-1.096804
25.668658
-0.084735
15.946472
-2.394337
-16.011585
-2.157187
9.857932
6.315825
2.791374
26.869121
7.030211
22.744666
3.885563
0.141114
2.319710
3.240010
10.788044
15.141033
22.190611
-0.982963
-43.803478
-10.206447
-6.275645
8.143789
-60.350652
0.145572
3.873605
2.985228
4.199754
2.373177
-13.685822
1.769082
19.140870
1.741403
15.337456
4.472793
3.857680
3.955904
0.271584
-15.990140
-3.803755
14.020274
4.224806
-15.310702
7.765442
27.609815
9.736166
2.145680
5.035123
2.491003
9.314024
4.748385
-3.542418
-19.341775
-14.125166
14.920336
-0.443828
-5.660803
31.866760
-3.612531
15.198413
-7.022041
4.653763
6.578096
3.946697
8.355742
-12.421863
-17.918958
-3.028282
26.314905
-0.881870
7.168408
25.382790
11.219026
10.479861
46.411910
16.178934
-12.324878
3.067738
7.477841
4.343588
0.088706
20.050131
18.452840
30.910990
25.522019
9.069242
-11.382179
16.110857
16.244830
9.486194
4.083197
8.177016
14.721513
24.492325
12.988828
13.989086
-0.342622
-1.539296
-9.056480
19.220496
4.720927
11.253777
4.114570
22.532357
24.704339
9.597748
-5.259419
6.403975
-0.410661
0.531542
-2.818728
-26.337505
-48.740179
-3.066189
6.853830
42.862536
-7.045170
-15.251368
0.876152
5.960114
4.460392
2.090270
9.073268
9.761622
2.668011
6.564567
-10.881698
1.021809
-8.997508
4.249880
5.458729
7.499035
17.406954
20.573195
6.934324
-4.999604
16.299340
8.250075
14.281987
-6.147962
16.887903
7.728883
-10.432537
-6.767141
20.255799
4.318488
-0.805004
22.705228
7.326990
28.165671
16.068464
18.935537
0.462006
-0.095845
10.086388
42.552482
4.605363
15.908366
-3.310979
-6.588415
4.838110
10.890251
16.943595
5.384601
4.544392
-1.973454
25.366622
5.352716
6.756951
-15.167293
-29.696867
47.057911
9.820142
20.584725
-0.853325
-3.586185
8.903256
-6.229488
4.497878
-7.288529
0.891802
36.955280
9.073261
-24.863882
-0.891920
5.535430
1.587809
1.983573
8.232681
23.783363
10.967362
-10.257620
15.763077
52.808746
13.263088
23.677811
52.884058
26.207892
5.848943
10.085123
24.228184
42.549365
35.222267
11.490507
10.446276
16.825314
14.974323
-1.046278
-25.735732
35.647173
-26.601542
25.556551
7.066406
8.299806
12.453695
6.603482
-0.364404
14.872196
8.257094
-10.866569
34.862925
21.758089
23.278756
5.880656
3.526518
-0.674766
2.621189
10.622273
20.124449
6.451287
4.784319
5.820765
-4.162769
-6.778408
8.159726
-2.139607
8.518545
10.161613
3.539594
22.222621
-21.948929
6.007060
18.103276
13.286698
-5.899242
8.636976
9.772538
27.224157
-14.595638
11.585243
20.299904
10.257243
-2.952506
46.825146
10.290723
11.306332
12.821396
9.509094
1.932008
14.080122
5.546840
-11.883197
25.067433
-12.542550
4.141537
4.050677
20.903436
-4.391227
10.594648
2.175168
-3.532979
-1.835445
6.166096
-8.133102
20.874279
2.723177
7.109152
6.949587
1.900996
-12.636614
10.119566
4.714512
7.565410
7.017620
5.460247
-4.026179
30.196887
2.163665
5.230533
9.329825
4.892985
-1.176693
20.558795
12.250493
6.831011
29.767027
-2.127120
13.019052
1.302053
2.041876
18.586307
25.411349
8.639952
10.005098
15.013242
5.782776
2.698468
-1.371719
-9.400593
-0.232786
5.122507
5.627291
0.954776
-1.544973
-2.343140
10.671842
3.157486
10.598764
12.784229
30.747226
6.465615
-2.208869
23.373206
-4.028945
-20.127423
6.722795
-6.695583
9.168359
2.878078
26.971438
7.048376
9.058941
-9.551152
13.042866
7.567825
11.456693
18.621296
19.912673
22.245269
-3.393637
4.084328
12.465372
6.621968
-8.294878
12.770065
18.077090
-16.230406
-22.052773
-1.142450
1.342690
-1.998401
10.512627
-4.773057
6.451472
3.494632
29.777536
9.923078
6.882089
9.530626
7.924141
22.895556
1.683952
10.555456
-2.355374
-25.722055
0.964715
-15.245048
-29.634833
2.822350
-4.632949
5.141614
14.495760
-7.927480
-11.535408
21.874944
16.563685
8.173895
-10.313353
7.539601
12.802095
-20.448512
24.552268
-3.578004
-3.609557
3.821863
4.639977
3.172530
5.736970
27.580179
30.718942
10.837880
-9.543250
4.098449
-9.291248
9.148933
-15.220687
4.240479
23.674480
-11.050113
2.092251
9.805045
-15.463619
-37.069179
-4.738115
13.697401
13.490276
26.570803
-10.939015
-1.306549
4.697376
25.973662
7.069489
-11.912403
9.728801
5.700810
16.028958
9.090506
2.357830
-4.822013
0.274010
19.718297
0.222853
5.243848
3.022153
4.852523
11.338510
7.317949
6.664696
16.130638
14.503348
40.562213
11.578697
1.104838
8.877122
6.679080
2.950687
2.159190
16.548263
-29.579925
6.866415
7.474094
-4.185896
24.570257
1.668125
1.029686
10.117167
9.040017
-1.756129
22.821016
-25.249205
21.092455
-15.797559
3.488981
17.210969
11.327736
-16.845827
12.838115
5.538373
13.504712
-2.557052
24.640306
6.353506
-8.155196
15.085193
21.565482
25.372984
12.553533
22.144187
5.906925
-17.628458
11.556625
-0.955042
-13.234402
11.649850
-13.359743
-22.919197
31.368003
4.643676
2.702280
7.949883
12.665348
3.939224
5.546453
-27.923107
17.648239
0.580488
-0.550215
-10.107707
-4.790212
2.054233
12.507567
27.841954
-5.799071
-8.664013
11.613725
-7.601657
15.609586
6.237796
3.749228
48.555763
-8.570545
6.794082
2.285422
4.712016
12.257921
-23.597712
15.924639
12.707114
9.685439
-11.379851
7.375379
-3.302204
7.829338
26.815761
37.901641
6.948319
-2.253035
-7.292827
-3.577269
10.511318
25.115577
17.837732
21.046582
4.846083
1.862898
-0.631670
10.114360
37.658544
4.620074
6.994451
16.041386
20.538906
9.211317
8.032999
11.082452
8.250084
6.297688
8.248599
-7.757209
-14.919864
-17.223733
-8.897490
4.670850
-6.076187
10.671078
13.213645
5.647401
10.461057
-31.140025
10.367230
4.294068
25.379577
33.425591
-28.138009
5.966698
25.811543
0.035786
-2.353084
-1.242912
-0.596634
2.056270
22.230447
-3.537881
-2.311315
5.501914
27.390675
-1.425836
-2.383008
8.342906
-18.681106
0.306887
1.350760
3.467730
-8.824423
-10.786453
28.217667
-14.479777
7.363008
-2.844352
11.355333
7.516003
8.254892
18.570259
-14.960211
-24.592190
27.592370
7.634312
-37.046642
8.654775
-1.673921
3.423848
5.996233
5.380058
10.231108
24.602458
4.469294
4.918206
-2.201097
-4.310547
-10.017358
0.891688
3.526299
8.976599
9.013445
2.968924
3.013007
-23.412130
13.496687
4.343002
5.117248
12.706160
45.879109
4.811102
-11.641460
2.947115
0.626689
6.968586
21.376033
-1.488070
6.304383
43.215306
-4.884308
5.537453
18.915758
14.106518
6.582651
-8.125687
6.962693
7.637090
31.335896
11.889709
-4.315590
-6.026292
-0.384041
0.476053
10.679331
3.663177
-8.417810
-0.051043
-10.314675
3.980836
-1.914858
-10.535211
21.962591
-10.246620
11.535503
17.520044
8.141938
9.375095
8.997979
-2.691279
13.005109
12.756749
6.287608
3.333326
-7.331091
-11.790468
0.934230
23.183824
-1.783704
5.694395
24.547363
13.920410
-8.059286
23.405184
-3.375501
2.460094
5.183751
3.282530
-1.953182
22.262665
11.975163
7.303850
20.049600
44.773092
9.546585
-1.044004
-4.237185
14.474365
6.519811
-4.750140
-1.447855
12.414105
12.519664
-3.629955
-22.986402
8.525253
1.265803
1.569377
3.188204
6.263756
14.833233
-10.736055
6.336825
-28.792992
43.011956
-5.421263
7.151793
22.053893
4.352682
30.428682
6.639786
6.169843
7.881774
2.679020
8.277143
-4.224917
-39.483083
4.623553
4.669294
-1.670107
-15.300882
-0.254622
-16.407009
-11.536352
2.772695
-4.355974
1.553708
-2.995669
-64.829661
13.238994
-8.266045
11.172285
5.450493
-5.822589
-9.382922
6.662476
20.282799
1.657846
-28.842068
0.266485
3.736969
20.145359
33.965494
5.533682
7.152010
4.808939
9.315764
24.498903
-19.248423
12.936586
9.167557
-5.984944
14.982532
12.703994
4.545500
2.244385
21.641227
-7.201582
8.278918
14.575440
11.844273
4.758144
-0.348411
10.064848
38.150938
-6.456095
-9.898468
2.919859
38.366294
7.865065
6.185901
8.166338
7.645417
-14.675603
-4.202506
11.974811
44.910633
-6.796283
25.113515
6.692190
5.900946
0.479604
-22.162514
26.106719
7.810096
9.712568
10.274068
9.086382
4.759125
-4.111660
30.348080
12.313984
21.402822
-15.827745
6.949995
3.760278
1.411431
19.286849
-7.029966
-16.579295
2.627475
-16.700817
1.133528
-7.948614
-3.758021
15.681431
5.066829
15.214559
-34.861529
-3.562920
8.128458
-63.033570
8.492844
-7.841676
5.811444
-28.545357
-18.187543
13.891172
-10.068628
4.378011
10.318910
-0.415314
1.433179
3.439862
0.745323
36.662084
13.091485
-8.814141
-3.587851
6.567320
16.096949
1.654763
6.792533
3.146780
28.328230
-4.514256
-8.024520
1.099430
-5.786194
6.427979
0.791496
-2.519390
-6.345897
12.871916
-6.174397
18.977529
5.803123
-41.606666
5.303057
-0.407376
15.498302
10.304731
6.993377
0.744674
-8.913679
10.659630
16.024310
4.705936
3.621295
6.786535
16.148851
-10.928575
-7.319895
11.596523
13.254720
7.576810
0.730722
9.176518
-0.349962
37.739293
2.329776
-34.947036
16.729996
7.306263
-14.525076
6.232859
22.548094
16.588919
25.734223
1.196118
-16.650199
1.933680
11.891692
12.115302
6.237645
18.703674
25.713919
3.286757
0.515423
17.960425
6.318781
-1.765029
19.918729
13.487778
25.138752
-17.866991
1.845006
8.491520
6.189186
3.774503
21.966038
7.693908
15.127751
12.681785
59.628768
28.207874
6.953205
14.758620
-6.415156
14.133596
-2.932677
12.503187
33.241989
14.032567
2.611995
-1.678531
-30.666289
10.773716
16.897090
5.423549
4.275472
40.569371
21.980892
0.689198
-3.124411
23.422449
-20.297233
-0.398401
10.193797
16.710490
-10.236310
5.901783
6.871351
-5.099094
-30.305695
19.232328
-17.283834
7.028912
10.240100
9.106799
26.949190
5.751508
7.692236
-15.677208
-1.245563
-12.896459
16.502779
1.089464
3.315725
-23.326310
6.577365
10.406381
3.784471
3.047744
33.048189
5.475820
9.885937
7.583814
11.602138
2.252672
-9.579556
-3.745360
0.753978
-16.054037
13.038287
-0.021046
0.421929
-3.011270
6.287335
3.532900
-3.919933
-15.591240
5.616522
5.791223
28.849925
9.883441
-2.839111
15.045289
-18.270270
-4.207884
22.252399
-6.249624
8.820387
3.750816
24.877370
-8.573355
7.125347
14.909959
-2.769756
5.303165
2.181409
2.183443
-0.261234
10.228844
7.103241
-47.709231
-7.205668
-9.638207
12.681364
-22.904946
-13.158214
5.372147
2.083733
-3.128022
29.632349
27.875589
26.267145
4.053804
19.485257
9.676906
-6.844774
-7.173789
26.361740
1.918909
-2.733958
-1.257528
22.665541
-29.884743
1.612353
12.060861
14.466631
4.575058
9.184995
-6.628175
-1.123558
-9.886398
4.959716
-1.306468
18.761991
-30.088391
10.418730
1.730561
15.847202
4.889931
12.801958
5.775563
1.676160
-6.273162
-13.265741
8.239819
32.643162
14.507063
-3.246890
-31.374605
6.043145
31.787612
-10.366618
7.060682
8.577032
1.272684
10.431565
8.402045
11.604199
7.715321
3.788976
17.121689
-7.265383
8.502374
20.769013
-9.620501
42.361075
9.732707
15.307483
3.014876
16.567291
19.263487
10.223437
8.930523
13.582061
-41.475473
0.168974
34.825132
16.595172
-0.230269
4.049912
7.041715
1.532611
3.824169
18.049928
-4.711920
35.924933
-12.037724
-8.801363
28.471135
-2.649150
18.635717
-14.702735
-7.191918
2.875645
4.372131
2.081285
5.137216
-6.888385
37.591496
2.497255
-3.586749
-10.001275
-10.942365
7.529179
19.477224
19.365409
9.038951
-16.138228
22.862979
-10.028905
-4.488031
-34.810712
10.033247
6.315927
3.702657
-24.499627
9.272130
1.710536
4.037716
-3.781788
8.672922
-9.751572
-7.114333
2.744368
8.944320
-4.642261
1.102523
9.568325
-1.250701
20.764335
8.032835
4.825771
-25.329583
4.597496
12.240013
-12.723183
4.807558
6.262241
-1.610354
11.202865
8.607093
0.012690
-0.975578
2.091374
2.303287
-5.123611
-6.556105
6.217637
8.590731
18.068492
23.256502
-5.367365
16.536253
9.065906
-8.301383
10.706234
7.164697
3.694898
13.208935
8.524692
20.701239
15.628015
-7.352778
-3.965931
38.680763
0.849242
2.887726
31.098532
1.482290
-43.762706
11.021049
-8.475099
9.431045
19.460267
4.600791
-0.680017
23.866199
27.461781
4.860617
3.358963
38.234159
15.662983
8.659648
1.739511
-5.851455
3.531938
3.598636
-10.194490
-5.779939
9.107774
-11.856718
-3.913429
25.507467
20.863553
18.726210
18.772577
0.809730
-13.934253
-1.543205
1.906459
8.456418
-0.437616
8.435495
9.748397
-4.355104
-1.113321
-5.385240
-26.760224
-1.506794
-0.069115
8.905411
2.918018
3.352332
-0.528650
-33.719115
10.767163
2.530835
-7.344717
-14.203651
35.406841
9.395932
0.950480
19.515347
-1.285007
9.887831
13.382548
3.321754
12.145699
5.125105
7.155913
0.342127
8.353746
2.347464
2.536696
2.318973
54.603366
7.332427
14.701558
-5.124058
20.005598
-18.541087
13.377842
33.778492
-0.613766
-0.317565
5.096080
-10.309785
-8.439608
9.509825
10.977502
15.425325
13.195588
22.344061
7.507302
7.801099
-0.494613
21.364408
12.863866
-0.655135
3.115753
-28.889380
-17.898577
6.627802
-12.430866
-11.983641
3.384984
10.424951
2.958350
5.519867
14.657021
2.014104
9.578711
-7.140692
-11.545380
17.094257
-25.964877
-0.330873
-13.935320
10.551696
-17.092867
5.657540
-14.055968
26.249207
11.529668
2.350172
9.044902
1.503188
13.319937
-31.789524
-1.204363
9.051808
-2.948041
-13.274440
-11.452054
28.406094
7.052594
7.301294
44.272352
1.470635
2.851235
2.415810
38.220857
11.640793
4.793634
24.633027
0.601042
-6.555550
-5.374531
13.171873
5.600993
0.099763
12.853390
-2.325746
-7.325234
5.637411
34.232339
24.154884
11.456790
-8.893103
-3.404131
26.834238
19.054755
3.543303
10.997092
21.295641
-35.553010
10.239842
10.213538
6.296233
22.984826
9.062342
7.952618
-0.636580
8.566731
2.030097
-13.766223
11.101854
-23.942309
10.593878
1.113211
-22.938194
4.281801
12.702025
8.161062
11.226835
-33.256235
16.769594
18.139024
21.021893
33.166005
-0.444850
19.587757
-31.436025
6.906969
9.385448
17.181952
15.712661
9.231734
14.915583
-2.468988
17.885954
11.599788
14.299705
9.354620
-17.883433
25.747759
7.222484
-12.741020
15.184723
13.511758
6.350479
1.895815
-0.413529
6.585864
2.809777
-34.051154
12.825890
0.440461
-9.971665
29.876724
-0.587823
-22.562558
4.611438
-12.799746
-2.097592
6.998990
16.444402
-20.259251
1.850921
-30.662933
-5.494388
7.780214
6.625959
1.075944
20.239830
-2.693515
1.847116
-7.864749
-42.582463
-8.755876
6.439924
4.101383
-0.266209
7.245193
4.576839
22.610294
14.966691
-12.074816
2.923580
11.354086
25.693319
-0.694818
2.380608
-0.822969
25.071747
24.097212
4.120627
3.107145
4.578667
14.876215
2.280442
10.029028
-10.936152
22.541827
-4.222345
2.568514
18.252830
8.833430
-24.750883
-1.767905
-3.229834
1.224816
25.887257
12.554900
25.962657
-9.609025
2.197685
-6.902960
-7.597756
12.810728
-28.433161
-0.970953
11.455659
20.229821
11.212479
2.322595
-3.399174
4.872768
29.957956
21.248622
-1.108274
3.250831
-1.904198
17.378186
1.633982
-13.610055
-2.134904
-12.171567
3.456260
12.279421
-5.861890
11.805901
0.934300
-1.221341
2.044640
2.097095
-0.822077
25.733364
11.631457
17.892401
-2.958292
7.340726
17.607294
6.168420
-1.699365
5.579873
-6.020035
-20.819109
-1.681928
-0.983953
21.257828
2.514813
-1.166328
0.433512
15.252341
3.775265
-4.169372
11.614029
6.129213
-15.498882
10.597874
13.911586
6.274908
3.486210
26.659303
2.365819
3.503311
-17.823720
-4.492757
6.574969
-7.964432
3.035998
-4.373873
12.358390
14.789228
7.869862
0.587911
12.491440
5.704020
-7.404215
9.281683
-3.134915
18.308468
21.404664
17.526101
3.377635
5.449861
2.899626
-4.197802
11.880963
-0.611993
25.380921
13.395151
4.591160
3.798665
9.929924
3.229230
17.333903
-13.220621
2.891736
14.987002
0.010485
2.575586
12.171806
7.439738
-4.862807
12.913989
6.312616
3.855096
-4.636151
-16.294877
20.730016
10.275723
11.510916
8.116449
-2.239856
-1.444029
20.612662
1.493781
3.777328
17.594830
12.897440
1.072889
-7.558894
-13.549283
11.861470
5.321990
13.991837
0.573612
3.765341
4.802235
-2.767860
-43.770626
9.813290
20.938109
48.062532
12.163203
7.707950
15.167281
17.998822
4.538167
8.287913
-11.207471
-15.315020
-23.617945
7.093167
11.199953
24.867237
11.818982
6.642461
17.798314
2.408677
5.423195
40.221272
-56.095332
11.729607
-0.655499
7.892165
2.885155
-2.035108
-11.768194
7.773733
-12.106854
-5.967843
10.292989
-1.922031
10.049120
6.004956
27.372882
1.204886
-16.078380
6.969007
37.425074
-9.765791
8.509721
3.147088
45.273622
16.181533
-10.162361
10.999909
2.986001
12.997064
5.635194
3.762619
-19.997513
-10.987912
-14.039150
4.443245
3.561682
-4.467471
2.889153
-2.797039
5.007956
9.932540
7.492362
9.762261
15.935398
4.050700
-10.768451
18.195600
-8.456173
11.410478
10.538255
0.394582
0.740544
-2.428374
3.219995
9.812049
-1.197665
19.404607
-0.960481
5.465580
7.483167
4.832365
5.265362
0.227780
43.593656
18.121916
2.713045
5.565833
-6.038319
-20.730418
-15.560762
-6.194578
33.195635
-9.071888
-27.942870
-0.650710
-19.337633
30.172987
21.921104
19.610705
-6.290381
-22.424191
-6.479887
-15.089168
10.642223
39.332087
-15.220460
-5.079349
9.642573
-18.592534
6.052043
10.814464
5.608490
11.965098
0.628271
5.151816
5.549893
7.021920
37.342416
15.571404
6.564382
3.193255
9.112927
-4.335022
40.383057
33.922752
-13.157193
3.281690
6.547893
19.606729
49.181915
-7.022825
20.398830
40.980333
8.112223
16.392677
1.329898
13.793197
22.020446
-12.193707
11.360982
4.432087
11.827024
9.008259
-14.436604
1.636293
-19.261845
3.663047
5.497752
-8.783444
25.017018
13.805942
-9.795912
20.410266
30.903360
14.251479
-4.110854
24.644671
-10.684647
10.291999
6.501822
-0.739796
3.756252
3.714855
3.653822
0.674237
24.321917
-8.727119
6.056855
-44.031987
0.960484
0.664602
15.707636
-0.420887
18.039630
-38.707623
12.320533
5.108315
10.146160
-5.557768
-2.252382
7.733837
9.029542
14.909616
29.006672
4.058177
4.600576
-3.078987
3.729292
1.791655
-3.989842
-28.627571
-8.889322
8.448210
3.912880
1.114990
5.712330
6.569589
3.916996
-1.606240
2.837397
0.591050
5.130112
10.093311
-25.749478
0.595709
3.559498
7.863849
40.498730
-1.256779
3.744753
2.687864
-2.040985
3.018784
-17.093315
4.910089
3.404015
-0.877175
10.700901
5.466836
0.677266
-9.547616
12.884912
2.744853
5.032882
15.775325
-10.038512
-14.732843
-10.147837
2.936694
12.471963
-2.018112
6.791906
6.974251
1.099943
-12.464774
6.369512
-19.950984
7.614527
16.831718
5.096043
9.630909
-15.586713
-18.387379
12.586264
9.445308
5.613426
4.877133
2.444101
36.318343
-9.649686
-4.800617
-3.255824
0.999359
-10.190374
-18.912242
-11.675141
2.632532
19.026789
14.381940
0.806711
-4.886755
-15.347999
-4.300037
5.272620
-19.224787
23.848167
-6.185638
1.201593
28.516457
-3.521438
12.493491
-1.381148
-18.835094
9.855846
-5.024100
4.928805
26.011436
11.427276
13.838682
-4.298692
-6.388033
0.452608
5.635337
27.151458
6.945676
-7.419320
4.005716
18.420853
11.102931
-1.951114
9.364744
3.780051
9.426482
-1.266785
14.704481
29.453140
5.270343
2.761168
3.255722
-2.079456
14.004547
3.769407
20.938927
-8.229838
-12.338106
22.566431
29.229416
3.821757
13.105885
-3.232837
6.370495
7.681767
48.561458
2.460736
-5.354981
41.416388
9.736560
0.628265
-4.830925
2.221891
20.800058
16.108304
3.993552
19.118997
25.182780
8.847215
-4.365561
12.401655
-15.783783
7.598112
20.555452
9.852682
3.848821
20.554067
12.975566
19.795036
2.101270
19.607195
-32.937991
-1.997613
-11.440339
22.428819
73.728130
15.786882
-3.502733
-3.042494
12.118627
1.556261
5.605893
14.188990
4.337553
7.876200
2.015345
11.748886
11.173033
0.252254
8.575445
6.250875
-1.387999
2.512257
-1.911546
0.049743
6.109650
-19.571285
23.090354
23.545542
4.491856
17.561082
-23.338235
12.097179
42.128898
2.713519
25.264902
15.347302
50.415489
29.586528
6.121148
4.988695
-4.097891
14.167781
-29.921774
11.644884
-11.461734
-9.518604
-4.344113
15.056343
22.631642
7.151837
13.006566
-0.895357
-0.389707
2.704336
-0.391026
22.708158
-0.476689
22.441274
9.023847
23.023707
10.384689
-9.744845
15.662525
0.967563
16.068799
20.541711
27.003005
18.597004
-22.977940
17.555945
-1.799121
-40.415847
-0.087859
-20.514823
7.782340
15.863033
0.465829
37.902903
-4.992926
3.303329
-0.151368
58.323165
-3.057032
33.063056
0.209218
-18.499218
12.624985
-23.733479
15.395792
28.916383
1.429531
5.813294
4.332880
-15.425221
-2.358952
29.873352
-1.840696
7.269748
9.558838
-0.817596
7.873516
10.718822
29.409104
6.553942
9.752482
25.962673
-28.528408
6.448509
6.018807
36.553409
-0.579779
-2.716552
0.711190
-2.583517
8.651772
20.099911
8.352364
3.773305
2.590332
-14.873760
6.803169
-9.498567
26.260174
7.486932
-4.261885
16.244191
11.065522
10.141152
9.216387
-12.992955
8.586291
-9.525346
13.292331
17.453407
-6.726205
0.654558
8.316102
-7.102628
3.492449
9.692793
29.585197
3.638168
35.536251
6.523675
1.038535
0.318447
32.892418
15.231483
5.834563
0.441126
27.625425
11.088485
7.996005
43.439997
-1.971298
23.524086
-5.731827
-5.413209
7.776334
-7.640318
-4.005792
5.903155
18.490769
7.915770
4.487960
-0.814479
7.732286
13.506465
11.474450
-0.160811
3.822576
3.742273
5.516664
46.921771
-5.618007
14.204307
8.529078
-9.727353
13.546640
4.802519
19.670457
7.940466
7.806317
5.424418
10.115966
-1.583664
0.765403
8.528983
4.185612
-10.486121
18.092083
16.219287
2.745064
10.879823
3.114670
-16.771757
-16.192608
-2.253265
33.694930
40.548189
-60.602975
4.602606
3.673798
4.545145
13.094183
8.142115
9.043779
33.033544
-0.233381
17.786772
6.367319
7.258986
3.158550
7.104282
2.737408
7.413928
-5.363768
10.482627
10.631917
-10.363267
10.891457
-16.546288
6.775749
-1.013933
-5.844044
18.202417
13.340242
40.371417
-26.527998
-12.027930
-0.127171
3.930493
-3.976428
9.628590
-1.815944
10.648491
2.887630
9.441487
6.109729
30.152004
26.207704
-0.082354
10.227918
-1.866035
7.850217
6.892853
3.379388
-20.886354
5.702418
1.784342
2.945230
0.966867
-4.284426
-4.521904
1.692559
3.650549
-7.578534
0.885449
6.810845
-7.504720
4.537238
-2.210944
9.451000
8.171912
-8.478817
26.931132
3.327033
12.526149
33.644386
-13.651301
11.035980
5.246087
15.590309
12.251215
-6.164284
4.153254
4.175564
4.724080
6.105728
11.598882
-5.358762
-17.091229
-6.901279
21.232660
-0.889791
33.079720
4.720147
1.677062
-1.090958
4.075848
32.774001
21.778248
11.144417
17.173691
11.488622
5.901799
5.720425
44.950228
29.721149
3.696894
13.925635
-18.778467
17.594083
3.685018
4.749642
3.681019
8.280833
6.231183
-5.338742
-0.422854
29.951847
-0.881996
4.659013
12.154419
0.580793
4.018126
6.923106
8.652903
-7.398376
4.751128
17.498906
10.438003
13.695196
-23.438811
4.400129
13.930755
7.202614
-13.802521
16.435384
3.738414
-28.669692
19.268008
2.475161
-6.560684
22.741332
-4.209802
4.414776
62.506461
-3.227080
12.001520
11.910565
18.862757
-2.956827
-9.591140
-4.992897
-2.710525
24.381848
26.982844
13.239391
3.863291
15.743896
35.610018
3.919269
26.358700
28.234140
17.489019
-6.144168
7.238492
-14.942303
1.374883
4.571613
22.331043
1.606143
17.318796
-1.440353
4.300138
20.380924
1.505184
6.283180
9.430439
-12.292999
2.663072
-12.988624
-7.098375
-0.071378
15.849879
33.823956
-9.847414
9.761313
-23.991749
54.304927
5.169426
14.609731
3.824414
16.850005
-16.193620
13.759508
4.990656
4.781628
13.081242
7.955788
30.951081
-3.913577
2.894236
-0.946660
-6.614677
7.076475
7.054929
-4.151308
11.896237
-15.453338
2.341255
16.655579
7.008351
35.559988
-0.142741
9.770737
9.285373
7.902392
5.643189
6.666311
7.617591
8.818920
-0.813932
-2.945772
10.062819
-3.536792
-5.494241
7.218211
-8.921291
1.431815
1.717108
0.036257
3.451876
13.797009
19.974353
-5.065799
-4.896965
-0.883648
-3.436690
7.228322
7.006469
65.663057
24.136581
-6.321410
4.999938
19.789938
8.504495
13.479791
9.892359
18.974678
-18.385188
7.783790
-5.065859
38.642710
6.526581
3.168435
9.313864
11.847389
-33.582835
5.711435
35.282004
-45.854950
-1.712704
5.203035
1.447549
-15.859558
-0.018219
-0.697912
3.428707
-16.648693
4.666010
3.946989
-7.039969
15.165441
11.482546
10.493244
-3.622567
16.399079
-19.146853
1.289031
-9.632953
-3.495305
12.789013
-4.411477
-0.070736
-2.646887
3.603458
22.369879
14.909713
4.549903
7.500467
-0.855043
10.622469
2.876847
9.280656
2.329834
11.582687
9.164375
0.075498
16.019626
-24.605576
-3.039386
8.693477
7.036891
11.357581
4.455288
1.925234
7.532150
-14.949992
9.269992
5.355878
9.519769
5.876649
22.051106
-0.010768
30.941653
4.565815
2.887062
-2.883321
-5.600208
26.348327
20.830484
15.436755
14.830279
8.822739
5.149355
12.230265
10.452823
8.730666
3.584594
13.912662
3.615791
-6.384216
1.355977
-15.345514
7.481237
10.070989
-32.240715
71.020275
5.174850
-0.186021
12.692596
-16.026512
2.342937
-3.488169
26.683542
20.320959
13.611817
7.951375
3.697970
6.370997
6.419064
11.296812
3.278622
13.758996
-0.040200
14.937362
11.811894
-3.291903
30.924909
-1.829127
-7.419728
10.645630
12.971723
17.806596
17.755235
7.054429
-1.624523
-5.171150
0.665824
37.568661
8.409569
15.977333
28.846719
-0.289908
40.862637
9.693233
-0.261220
-6.313665
22.157552
9.142506
32.454013
-14.295907
23.234506
18.553307
5.920767
21.728920
-8.306459
-83.613464
18.618765
3.698206
1.749945
0.055734
-8.227114
-7.155220
34.938394
12.085007
7.997304
4.963600
-5.167311
-1.881802
2.393367
-15.035203
-20.758543
14.823568
-0.030932
2.388410
4.330768
-1.404232
-3.950467
-3.847030
-23.093487
-17.471520
8.870885
24.857376
6.302373
4.969846
5.867593
-31.932054
21.755854
-34.399386
68.005153
22.726617
13.455619
24.799782
0.726996
1.136398
17.459807
23.068379
-2.780948
15.787988
-11.647561
5.879488
7.288250
-18.396721
3.005483
7.836571
3.361683
4.421845
8.304964
-4.089817
8.385236
28.328571
6.235232
9.130563
-6.718296
-9.611306
7.048320
17.818669
-5.877188
1.409098
-2.321099
2.711160
-1.593156
38.324599
-7.200034
-30.807462
10.360379
14.687096
8.482005
22.193795
0.363888
2.587895
15.580519
5.129501
9.466263
-43.690910
7.220033
2.952667
42.023757
0.400690
12.018043
8.615571
-2.087538
6.302985
5.099705
-6.257119
16.279907
-6.448331
14.515739
5.481890
-6.133569
13.983735
-13.534175
6.679301
11.824578
23.955217
-13.576140
17.969123
-7.964247
3.000840
11.016815
4.581860
11.807057
14.603628
14.369047
8.154285
39.769019
-9.204633
3.892946
12.482338
14.559979
36.675758
4.094688
-2.125346
4.716766
7.397310
-30.667779
5.196774
46.253513
-7.257792
4.032321
-18.184183
22.045192
10.097201
3.763621
8.301525
11.680243
-3.477646
2.705416
-18.704153
3.629978
-4.552923
-16.095777
4.863678
-31.010455
9.140811
11.000458
-2.299847
2.343430
-10.355262
-9.368039
21.842369
-11.427913
14.094418
2.572803
-3.186519
3.492715
-15.845366
32.488548
9.826100
16.297895
-11.973816
1.530922
7.459038
6.115712
4.532441
-7.079046
-2.863074
-2.706957
-9.277128
5.038791
-8.290905
3.815879
17.093416
37.455016
2.517654
16.991053
-6.496683
3.739263
9.858986
30.256992
10.206322
29.021403
-2.835969
12.713171
8.410053
12.065399
14.836685
15.625245
-21.751433
2.588500
-0.505125
-1.264307
-1.151450
-4.568138
4.234163
17.603681
15.659999
0.761764
7.749717
-11.339375
-7.289376
9.871009
-4.036152
4.622525
-10.271291
-2.460594
9.972781
6.878475
12.817325
-3.110692
2.341915
23.077508
5.263852
10.419832
17.666115
21.916064
11.236918
-52.082451
-24.348367
15.155585
17.563037
9.225348
-3.595339
10.427874
-11.098908
22.278212
-1.234240
1.400852
6.622016
20.031366
9.011674
30.820667
4.960948
-45.998176
18.567084
25.889960
19.774165
9.079456
15.692122
5.604336
4.474966
-9.738490
9.708785
11.671765
-24.793905
1.515411
8.089323
-13.275678
10.690534
1.487432
8.423339
-5.025578
-6.892188
14.835222
6.457106
8.083377
4.243715
-41.218174
-14.813516
17.458266
5.609839
-1.089111
16.418126
-22.983065
-20.563036
-52.222718
4.628588
-7.923315
-1.399269
7.446210
-11.210169
40.683154
1.771629
2.579529
-3.235493
-19.137967
14.553419
-2.579752
-5.365282
-24.704853
7.327866
29.693077
30.351307
2.611782
12.168012
7.601974
14.998961
16.403966
17.940472
-2.782838
3.023085
12.376990
-12.284654
7.735169
22.372259
10.500488
3.071160
4.779770
7.196030
-24.289543
8.055016
1.792230
-4.593863
16.429087
22.007557
-23.815593
-2.174932
13.173608
-9.327045
6.362830
-0.549296
-3.136157
5.045381
20.953007
8.390993
3.166433
20.620224
12.716471
-40.036642
14.688967
1.453343
7.521704
-34.478020
5.771698
-5.428458
-2.724504
6.070135
16.296409
23.903850
15.670839
0.439822
7.223527
18.638879
2.360623
4.773439
8.341990
-6.151723
-5.904190
4.625944
-23.693279
-4.750710
29.203229
1.983693
-1.146602
2.641714
3.826975
-6.681240
-5.055159
-13.922902
1.361209
23.009676
16.283531
2.283391
38.058608
-13.399729
5.975035
8.327548
-35.709356
-10.926290
-18.178773
-0.427243
-13.669576
3.518835
-0.987540
-3.066482
4.558129
-9.069412
2.663286
2.732714
4.576088
-10.766786
10.818605
-17.027232
3.400300
26.218724
0.060783
6.404905
18.863403
-22.604652
85.685525
0.571827
4.177559
7.991179
-5.918570
7.598782
16.916422
35.368891
-2.841034
-6.061238
28.248162
36.147625
13.669149
-14.925805
25.936710
-22.686218
10.327181
-7.504983
2.631428
11.115381
14.174493
5.188791
18.238250
-0.345221
9.622135
23.628807
6.713627
35.579019
8.549399
5.432742
6.683289
16.804798
17.381044
1.671338
-15.158024
16.720103
-2.010693
7.213770
-6.841915
19.283692
18.913703
4.287846
0.331420
11.993919
15.614482
8.428871
3.149702
6.949232
8.391730
-35.775568
11.874495
-9.320490
-1.270081
-14.310049
2.402935
-4.528822
26.896436
8.425199
-1.173610
13.671963
0.150098
3.231241
5.203549
11.718265
42.427039
1.088699
6.696982
-21.839632
1.656742
1.467472
17.466584
-10.722569
8.977949
14.332600
-5.223303
4.126396
20.750143
12.685315
9.010229
13.149648
-17.296768
-5.167194
4.576793
-13.023147
-10.910448
14.867267
5.836020
-1.223643
29.436920
-16.489300
17.016922
16.306538
31.424996
43.165824
44.001313
1.787573
-3.118026
0.918134
6.365407
2.419965
1.336795
4.769035
30.525389
16.029013
7.737631
12.829118
-9.507586
10.740671
20.727309
9.590262
18.329005
-10.250157
9.110117
-15.880120
-8.124759
8.591983
-8.699720
-5.104577
-54.381947
6.651493
7.132473
2.164472
1.575669
3.639646
36.055450
14.196404
19.431821
6.570639
15.555844
-3.546502
2.243661
-10.433264
6.150221
-13.141125
8.870607
1.823332
10.643025
10.523041
-16.097856
-18.394584
13.318694
14.620923
-9.619577
8.863011
4.611292
27.566057
10.264669
-2.982385
6.393543
1.205337
11.432819
9.972228
12.268274
8.989176
-24.137652
-1.201080
-61.221480
0.314428
17.040687
2.231410
6.434379
6.834004
7.000212
0.700696
-1.292922
21.515984
-18.044944
-10.929184
7.807191
8.784052
12.822064
4.465636
7.727242
8.361510
-9.612261
-9.057275
4.353108
3.508667
9.580444
-2.664795
18.402447
7.110065
0.875157
6.993821
12.231806
5.993423
6.133735
18.942181
-31.147129
12.654814
9.847819
-3.307276
-0.018675
5.255844
7.107171
-0.897721
0.089439
2.447328
53.061616
5.460475
-1.457630
13.482501
16.622028
21.164006
10.559236
18.683012
-38.664212
7.047656
3.170896
4.898179
3.349001
5.128956
-20.431082
7.983276
12.423784
9.181788
20.969435
-9.023686
9.319242
-3.369494
-1.766881
8.507379
-2.734260
-0.911843
3.011097
15.746293
-1.122674
11.460806
-0.454949
14.250980
-2.417997
27.266939
30.405390
-4.942344
-5.443083
4.494083
22.549480
0.776281
12.152772
5.123787
12.169871
-11.574469
23.610960
-12.278578
-2.228675
-19.894438
11.874093
2.653158
2.846107
4.831962
-5.510916
5.333922
33.834093
7.145484
4.719596
-4.790593
4.763577
1.694319
-22.141302
-10.505027
3.561329
20.022180
14.497765
20.299045
21.550390
16.431547
-13.281188
18.435640
-4.079681
18.523983
-6.545068
2.596975
1.085621
-1.433189
4.768418
-7.246095
3.569216
-20.415826
3.474957
-7.728432
13.998983
-7.173052
11.047294
26.234573
3.721612
8.739586
3.163060
5.560450
12.196858
-33.449402
20.259413
22.015235
-12.809796
7.861649
27.769053
-7.079956
4.892703
-8.797126
10.648567
4.571075
25.667940
3.294768
1.067456
-17.825655
-5.329593
7.708112
1.533986
1.500523
6.487685
-6.740959
8.827743
10.829473
-3.103305
4.652549
6.248952
3.006953
9.174852
-1.951140
-0.179593
-2.527032
-12.944352
2.106153
0.855940
4.278064
-0.408059
5.039561
14.127247
12.347449
-2.987113
-20.274689
0.914826
-2.541156
-5.900897
10.101848
5.890334
14.216329
6.785888
24.660965
12.829776
-23.506757
-13.678587
1.617071
3.973231
12.792881
26.815225
23.720971
2.982895
-6.224134
-1.908130
11.535307
2.687091
10.866564
26.118255
3.498869
-17.542323
13.106814
8.864367
36.856631
-10.777709
1.970933
4.467170
6.847006
7.666415
-7.438023
22.153908
-25.147668
25.517480
4.081856
2.461830
-8.763285
9.962729
13.819930
46.331833
2.027128
-0.480186
7.672768
13.141055
-5.161951
10.311419
-2.516312
12.240244
6.814690
8.927841
-7.729406
-23.579939
2.918458
-0.835458
-0.955558
52.161504
0.879669
7.452987
18.557233
19.211971
8.350393
-10.066821
3.565476
-7.558454
24.462738
-19.094247
-7.034400
3.234363
23.783714
15.783820
3.223775
1.527427
16.117946
11.971563
5.244591
-4.862685
-3.916236
-17.641250
-12.094306
-6.984346
-14.753674
1.031103
6.217376
0.176991
8.387221
-10.679318
-3.786844
-8.230842
12.053872
-6.397931
1.508826
32.585921
28.563989
9.062815
3.489430
5.444888
1.230601
-0.143478
-3.264212
-21.469650
-4.353416
14.599971
-2.892694
21.980022
-4.171135
0.835019
-5.713528
15.464228
13.298954
17.010892
1.713804
12.678236
-1.827437
31.439038
-12.512356
8.052319
3.250930
11.361397
11.526585
21.951896
38.472308
-14.675891
-0.963217
2.326563
-17.666726
12.256182
6.948646
31.388781
6.040162
-4.537888
20.740152
-4.304139
-0.200031
18.079443
3.839785
19.758076
-7.339099
7.897455
19.835195
-3.270576
13.684305
-29.520961
6.100361
45.720919
-4.645521
-4.780246
-2.683286
-5.898430
-4.940028
2.443161
0.841175
6.761488
-23.646011
-3.017873
-1.987785
2.381347
7.104350
6.432882
18.490292
-7.741736
34.332676
30.944129
30.329208
-3.903133
5.492249
21.646414
2.683822
6.410202
2.545194
24.141038
1.104506
4.700332
15.704996
37.921552
2.899257
20.966945
22.084897
17.175679
2.907663
16.998135
-8.602739
-25.910306
29.284915
4.115756
35.655545
24.128912
-4.424543
-5.975874
-12.588100
-2.373590
4.980093
-3.707011
3.227562
15.249745
3.060617
-0.268488
6.286819
9.524891
5.617406
0.787918
3.905511
14.459325
17.295302
4.156908
9.974194
23.576139
28.939304
-15.144662
12.586306
-16.503053
25.113315
7.980067
-0.718140
14.748964
-1.894276
-6.879169
-1.564106
13.739674
-10.081442
-0.400385
-5.720402
-0.887958
2.179671
16.119431
17.498655
1.535751
1.494354
-11.082783
-6.675831
9.338046
6.413177
-7.434467
4.885714
6.722732
20.407860
5.891948
-16.878109
0.219575
4.393966
-4.703607
13.969146
4.517857
0.311257
-4.960701
21.487487
26.468433
41.934157
8.854880
6.520925
-46.324967
8.659879
3.111666
-0.148138
0.241209
11.973282
-5.081821
37.140863
-18.310595
1.684708
6.021623
20.891951
2.570179
25.729810
16.714336
-5.041560
14.196189
4.096975
4.828648
-7.693747
22.272507
17.100972
-9.269841
11.944106
-0.779050
11.817886
3.146806
7.774216
-2.507716
3.208724
-2.238032
3.941625
13.413966
2.401323
2.646140
6.095574
-0.340736
6.745652
-1.064406
-1.767395
2.773586
28.098133
47.877334
28.789702
7.887232
-34.165513
13.954801
8.852682
14.260475
4.875055
20.369062
27.566010
3.157759
18.385014
4.611992
12.911752
-4.899362
22.544830
-17.893301
1.445670
9.191690
37.011904
13.755262
7.453523
4.347973
10.028861
24.136950
0.719605
-1.864598
9.950928
8.462943
7.634152
3.046529
7.755950
17.854216
41.642871
3.050432
16.311876
-0.737593
0.924674
9.809693
-1.465516
4.979201
0.809260
1.299256
6.244914
5.042802
33.451800
17.871372
51.724013
19.372105
-19.299446
3.335343
4.303627
0.619324
8.126337
3.559717
14.336202
1.108991
-10.103930
25.843473
8.573864
5.504042
4.677193
4.252048
4.252746
15.851727
12.283190
-15.677390
28.260481
-9.349104
6.857105
-5.696890
24.975132
5.582359
-0.619012
4.419923
4.057337
17.080413
-7.628576
9.914154
0.339491
-4.612605
-13.245726
-1.428911
-9.166440
0.836891
6.670622
1.341647
5.716633
22.500619
1.485733
10.157580
5.764774
-8.200263
7.119819
4.161370
-12.677818
4.694908
13.697061
17.769406
-9.798204
3.184618
36.543993
6.263581
10.384455
41.560282
-11.515222
-12.794541
-9.567650
4.085006
19.057057
15.917619
36.065668
10.982371
6.225789
19.431862
-1.495920
9.660976
7.522826
-12.703294
10.216683
4.717150
2.587516
21.843539
36.763141
4.435375
0.937340
20.032921
11.067159
18.941990
15.593298
12.559498
7.610940
-1.748560
11.007669
23.364296
5.682847
-11.035184
4.976367
-1.280504
23.363467
9.934401
1.473156
3.818594
5.982983
-11.559450
12.821308
3.760527
0.235076
-9.289132
4.116518
0.337688
28.452872
-0.622611
14.067103
9.394997
4.229255
-8.814891
-2.994090
16.478893
12.225822
-9.551573
5.097020
-18.316344
7.342803
16.579737
11.473287
14.193747
0.799578
12.418548
9.672290
11.085504
37.902936
15.428223
8.073496
16.681243
-5.069607
7.677088
-2.574352
3.250833
7.198193
10.759146
7.964648
6.948342
5.962430
-14.063152
5.114785
-1.139190
10.113467
2.625696
8.068437
4.730297
15.234845
14.275315
20.905280
10.761098
9.548249
3.975430
-6.904317
2.796837
-2.222332
8.487189
14.978708
-4.502522
13.963649
13.763854
0.269685
0.396926
-3.031924
59.859395
6.147166
2.076824
-11.134980
7.952898
-0.951910
-1.898782
9.525869
21.115930
-6.526956
6.241468
10.023975
0.078553
3.524410
7.236446
6.342172
4.406594
9.830755
8.567429
-3.522287
18.514961
11.940421
8.694489
2.997144
14.583536
-1.501688
-39.119613
-38.033405
-18.473012
8.246728
17.159628
-8.443007
-14.634062
-2.155423
12.825709
2.366739
9.129212
11.487797
-8.550668
-39.969013
-6.011840
7.362828
22.553009
9.683525
13.968519
10.744555
6.968950
2.740839
1.654679
-19.669441
17.735912
-16.360894
3.620455
29.921575
4.486402
5.058925
-26.135785
-0.400137
10.659904
11.788519
24.682710
13.634496
-14.610571
30.958331
14.210746
-38.316844
8.424590
-0.552886
12.999944
5.286394
23.260813
12.040592
3.536261
51.629637
5.967302
14.117666
9.930207
14.574654
2.857261
28.296502
-11.906136
-6.600561
9.629043
4.432946
2.549976
-2.316651
20.243547
34.655978
5.541288
18.513603
2.159419
27.598609
14.281940
2.197554
-8.311148
-1.276912
-4.037567
0.213748
18.546122
2.737289
2.286683
12.949258
5.088134
7.359293
41.878943
12.975984
-3.289488
8.623187
25.055319
12.943023
12.565706
-1.598422
5.124059
12.892600
24.234930
23.632629
-2.709529
14.616706
5.301299
15.365204
5.254023
17.533432
-25.666169
8.560802
4.993315
16.166730
-14.934692
3.584814
14.211488
1.797191
8.594205
3.809893
7.607824
-0.741108
-7.235047
3.911753
-0.958258
4.936394
12.621617
-21.000510
5.838652
8.326625
0.763859
7.405442
18.704430
14.028364
-3.366475
8.782192
-23.180924
17.255443
-24.190610
37.023965
21.926120
3.475226
16.949624
-4.187465
0.370091
12.216004
19.521558
-5.358310
1.677732
4.474419
-7.046868
3.099176
-2.593308
33.738315
18.052756
-33.128268
8.903969
43.612314
-0.248768
24.529408
-0.137336
6.365355
6.608844
6.655194
-18.540607
-20.546886
-32.312613
-2.941097
-5.535768
6.158906
-17.841471
9.731435
-56.212510
-5.903215
8.809385
-8.621575
6.669900
19.325068
12.041704
16.379681
-13.286839
-9.555067
-13.817124
2.912689
-31.463854
19.679184
10.267810
-20.286230
27.807065
6.047338
17.205221
-5.954536
-11.181990
1.003634
6.257443
6.136869
-1.669860
6.425460
29.296679
14.894239
3.263143
-8.970724
9.932922
6.493074
5.260959
-0.411525
6.809998
-12.505519
6.884557
14.318249
11.036033
-6.684542
7.290616
-17.655445
-12.171382
-2.177242
13.847512
3.770347
14.056290
2.594134
5.248709
5.362317
1.689559
4.127976
-21.575550
5.808048
-7.782935
-18.702598
22.468001
