5000
-0.172653
8.181758
-5.520971
13.906743
-6.631179
-15.617444
-12.370520
-22.034802
-21.262141
-4.071175
13.742872
-6.320559
-0.390960
-5.746119
-3.538173
-7.315163
10.630435
-5.125199
-13.391020
-7.814536
8.470848
-2.797371
2.442055
-11.127151
5.798009
8.896233
-6.898877
-13.173711
11.587501
-21.529887
-17.839782
-14.926770
-29.252364
-0.267848
-4.726821
14.207787
12.103245
-7.384442
-19.759532
-13.546753
-11.901285
-3.095767
8.310671
-7.224730
-7.611574
2.468791
-11.558229
-4.884357
-8.094090
-5.830194
2.769109
-18.655936
2.260680
2.900569
-16.352891
11.911594
-12.878313
0.863072
-4.407338
-3.909878
19.726372
-4.696113
-16.251327
-4.262196
-8.021707
-12.991850
35.493918
1.139787
-45.070160
18.913052
-10.517031
-38.812340
5.586248
-7.321041
-10.903129
8.296209
-0.043926
-18.004527
-24.858970
15.591607
-5.955171
-8.527604
8.472955
-8.944637
-10.424880
-9.986511
-24.958046
3.823141
-13.588502
-1.397318
-7.644575
-6.792389
-7.729595
-10.234471
13.469680
-29.683062
1.807982
-11.990945
-15.726066
-2.801638
-2.288739
-36.912462
-2.808710
-2.141346
-18.481969
-14.004526
1.397520
-35.069686
0.284309
-16.670446
-1.286121
4.605374
5.539728
-9.857672
-8.596162
-0.243402
-12.743676
-18.529118
39.541266
12.536534
-10.243281
-64.546315
-12.460775
-5.365349
-28.927481
-7.430588
-4.706921
-10.480146
-12.182498
-9.153032
53.664602
-12.732280
-24.015501
-4.150398
-33.705607
-13.581152
-13.784225
-0.128778
-13.320756
8.470008
3.031065
-8.450140
-18.087441
-6.733656
-13.079650
10.950132
-12.115849
-3.191627
-1.842990
-6.267343
10.461510
-18.939154
24.460664
-16.047535
-20.515230
-16.466292
2.602882
0.343693
-11.585166
2.660690
-5.081009
11.005257
15.402269
0.519138
3.563630
9.902552
8.792800
-5.545690
-12.077912
-9.180032
-31.512539
-7.806932
40.923757
-1.024843
-9.605840
6.582073
1.403900
-10.363445
-16.255609
-0.914398
-10.728716
-51.743264
-43.905933
-14.409599
-4.372370
-6.577100
-13.171438
0.594938
-4.043130
-1.823607
1.819268
-19.957465
-23.844678
-4.706775
-15.501620
-0.603910
-10.993392
-7.110259
-8.534655
0.910318
11.296592
-4.740744
1.217233
-17.440078
1.257016
-3.170709
-33.268300
-11.897152
-2.366053
-2.117270
-15.125435
-21.603096
-7.294334
-6.496730
-17.608698
-15.601615
6.116792
-27.165102
-8.493864
-30.803746
6.321571
-5.986681
15.652635
-3.316081
-5.751801
5.339050
9.907428
-9.614425
9.919925
-1.257352
-12.124529
-27.933735
-18.964737
-15.502021
-10.146704
-3.780069
-23.772812
-2.396072
5.247441
-6.627646
-9.323102
2.936486
-22.444803
-6.808547
-9.737832
15.573350
-19.000219
5.575867
-3.255052
29.648726
-6.427307
-4.371405
-11.994324
-9.053913
-60.911010
-12.197310
-7.287958
-1.870144
-9.336678
22.747422
-27.779963
-8.721296
-1.109424
15.310134
-4.305458
-8.702445
-7.858604
17.002078
0.033349
22.882451
-4.101509
10.949113
5.372536
-11.346896
-14.501955
-16.523545
51.273206
-6.248294
-5.075116
0.808077
14.878207
-0.144812
-7.449692
1.406834
-9.719623
-7.413823
-8.517608
13.976669
-5.909553
-2.945741
-0.006388
-15.112787
-13.085050
-27.340557
-2.240015
-6.174082
-20.215243
2.192383
-12.944892
-13.038197
5.554204
-18.884820
-7.106588
1.942811
-12.453845
-11.032139
20.719277
13.040403
-9.910100
0.298855
2.022951
14.515182
9.462485
-12.071680
-1.784752
-17.544931
-40.373020
-1.306291
-8.055559
-29.382420
-28.810825
19.559083
0.302439
0.300090
-7.565317
-4.486365
-24.765550
-20.995976
-5.556211
4.931025
17.881126
-9.484424
-10.683000
0.162567
-19.600943
4.029646
3.620192
-8.652799
-8.568669
-8.818527
-0.444223
-2.800455
-5.367182
6.510220
2.159993
-5.533226
-17.839231
-11.169857
-2.554367
-5.320997
-4.359362
-17.100615
16.254507
12.192284
11.223287
-4.206075
-6.116004
-2.110576
-4.447273
-6.338889
-5.335803
-20.840770
-12.859814
-14.710784
-17.895244
-5.921597
-9.746815
-0.107774
-5.993441
-3.244293
-13.778878
20.115663
-2.561691
-1.533369
-9.892860
-14.441316
-6.912387
-27.977932
-14.856218
-27.571353
0.803815
-8.126519
-3.896928
-7.653429
-4.202486
26.533207
-4.837806
-22.056949
-26.187457
-1.731973
2.934777
-5.756224
-2.033851
-5.847341
-11.442650
28.595995
-7.210327
-9.844575
-10.663877
-48.044226
29.612419
6.005957
-4.363351
4.496991
4.143017
-4.834679
-15.340049
-7.250107
9.524144
0.610292
-22.613995
-4.712227
-30.197882
-8.289182
-3.075791
-17.230706
-3.825842
-9.579352
-23.763088
-7.238777
-15.413856
8.976252
6.905364
0.630800
-4.465334
-2.026075
-5.380151
-35.153818
-13.187732
-7.393927
-7.152502
-14.036745
-20.784238
0.089742
0.448175
-2.877520
-1.347731
-3.901998
37.765545
7.093232
-6.985318
15.038430
10.812382
-4.926574
42.023070
19.787310
10.858413
8.999062
7.451200
-1.598469
-1.890780
-8.373521
3.667528
-5.924693
5.472804
-14.275949
0.427741
-3.126901
-7.480508
-4.214086
-7.860095
-19.117535
-1.973558
2.193174
9.443513
-14.836683
-6.258960
-6.479227
1.434764
5.593850
-15.747647
-15.620448
-8.018355
-3.654471
5.519409
-16.879899
-2.141021
-8.606088
-47.536470
-18.368831
-10.596583
15.546136
-7.412415
-2.844269
-18.376863
49.568523
-3.709729
25.027766
-11.383257
-18.721746
-1.070852
-15.315909
2.984315
6.979421
-1.167672
7.954874
-22.980449
6.629260
-27.735364
-7.568863
-1.813706
1.691702
-0.850838
-23.670652
-13.505377
-5.582517
-7.691305
-9.531373
11.952069
-8.574273
-6.908209
-5.933399
2.212245
-4.571047
-5.516115
2.036086
-33.590260
-13.270763
3.854632
18.327794
23.180323
6.808761
-41.595904
-34.956281
0.226969
-0.987678
-8.710156
-4.025359
-38.063922
-6.342343
15.614441
-19.580031
-5.447238
16.976255
6.167798
2.221115
-2.999470
0.633310
26.871842
-16.095063
-4.989342
7.678655
10.880030
16.440864
19.576406
-2.703273
-1.201950
37.955703
25.191782
-14.550172
-5.648154
0.640379
-2.088073
8.860834
-16.525086
-18.582456
-21.876330
-19.153090
27.053897
-13.215161
-20.995684
15.214760
-3.973119
-0.793497
-1.699628
2.620128
-19.881589
-10.684338
-39.853374
1.195925
-4.077661
0.130822
-4.422268
20.090562
40.342675
-31.263006
-22.533020
2.845532
-31.020206
-7.211629
-48.794812
-11.934706
-23.379790
28.503927
-20.044034
2.005231
20.902290
-8.363584
-10.226806
-11.818103
-17.398658
23.534328
5.927499
31.463467
-13.788092
-13.829274
-12.983999
-4.965425
-11.772547
1.600765
-21.026507
3.549820
6.681643
5.676395
-4.215085
6.922558
-13.253867
-22.622637
8.693453
-2.976056
-9.305822
-56.959965
-14.237592
3.056915
15.251804
-4.195795
-0.834870
-2.423071
41.951464
10.849881
-30.702884
-5.836311
-15.701204
-4.452574
-9.095853
2.293555
6.037143
-10.153284
-4.269287
-2.161668
-30.830878
-15.354326
-5.217548
27.328069
-4.697237
-14.255953
3.534651
-8.695941
19.184823
-3.450207
-20.702849
-14.815309
-7.815776
-12.740557
-23.906972
-3.759937
-8.545820
8.206456
-23.228003
-12.310041
-2.415371
-10.339798
-10.946933
-6.868876
-2.192712
7.739799
1.464427
-4.458925
-4.563592
6.515331
0.680718
0.760405
5.506702
0.764810
0.783183
16.096582
-20.448096
0.523899
33.110887
8.032689
-2.053553
-13.041861
-11.644334
-5.415737
19.309635
5.302706
-2.424870
2.890171
2.194311
-9.030358
-6.393549
-20.059962
-8.486658
-6.463344
-7.332154
-33.533172
-7.011935
17.471481
20.372547
-38.927118
-0.571942
-7.489738
-7.800504
-11.246070
-0.591178
-3.895237
-21.858544
-28.052422
2.345147
15.900357
-14.925236
17.752775
-0.287900
5.920641
-39.602446
-7.309885
-10.637815
-27.962379
-16.567233
-8.007108
-2.426212
-15.669765
-2.924699
-9.188062
3.493780
-4.136062
-25.805431
-7.379304
46.975023
13.363265
-4.793590
-6.899905
-0.123897
-10.352226
-16.046058
-13.284428
-8.454119
-4.979648
-3.401034
-4.331376
-70.633878
-7.492418
-3.961581
-9.891161
6.876274
-5.837809
-7.389727
-7.700827
12.927470
-9.592065
15.187089
25.581227
-7.837446
-4.075151
-12.212472
-45.534110
-6.608992
-49.595655
-2.447597
-22.383938
-29.428437
-1.573108
-9.010953
13.308775
0.680125
10.395815
-14.527023
13.721288
0.434874
3.308139
7.592951
11.176259
-3.722174
0.316806
-4.455304
-22.067037
2.160682
32.250171
-7.668164
0.681310
-37.040213
-19.381504
-17.195551
-3.315342
0.883118
6.404185
-19.703034
-0.743189
-6.507882
-6.117391
-3.692657
8.591574
18.721594
-8.052281
-12.853260
-18.508404
3.929718
-6.280179
38.535469
-18.746044
0.812067
9.899256
-5.408348
36.996750
5.870159
-40.493672
-13.461228
11.427940
-37.585946
-0.151621
-2.271286
-4.523650
-30.287613
1.842446
-5.720206
-7.987632
-5.422296
-2.175274
-4.370694
9.974721
-25.272024
-5.823693
-1.265692
-7.804330
-6.182695
-1.356797
-23.119555
20.038965
-21.178745
-9.675217
-10.120974
5.317444
-47.937546
29.532371
-0.617809
-0.337267
18.721072
8.163220
-4.647647
-6.849491
-45.731333
-30.950917
13.522139
-6.362378
-10.144300
-8.879389
-2.024001
2.090917
-3.271072
1.568829
-8.331342
5.795505
1.434970
19.493991
0.232677
-0.153104
-1.546937
-4.761725
-18.818521
0.957256
-15.520602
2.983860
-13.752430
-8.475348
17.826073
-7.661901
-2.716327
-2.384391
-14.299658
-34.812219
-1.322112
-27.688748
2.182724
-12.590735
6.859268
11.339649
2.373710
18.192145
5.141318
-10.474035
-18.067750
-0.053546
22.521400
-3.385162
7.768712
-19.093470
-5.008613
-32.092432
17.379954
0.183608
-18.223039
6.528687
-5.317207
-3.051105
-6.352199
5.081253
-4.488216
7.417603
19.435688
-6.424599
8.096352
-7.100705
21.426938
-5.159651
-3.208944
-3.470583
-14.777884
-9.490651
7.798453
-5.589931
-3.650274
-6.536718
-7.690317
6.521612
-12.486416
-13.396628
3.006848
-16.336432
-9.320950
-7.139178
15.052648
-7.727595
-13.038536
-6.830819
1.547688
-15.193249
-0.015987
-20.662851
-13.323431
0.855684
7.171545
14.876068
-14.162130
-11.777548
1.594764
-10.894187
-55.322738
-4.603504
-16.187041
10.992152
-21.108462
-5.650539
-5.554948
7.081738
-17.264231
19.198234
-10.085971
0.146564
6.223808
3.616373
14.571871
-2.945084
4.301809
28.140059
-27.279097
-8.922665
2.007139
-6.500571
3.584693
-20.590913
41.907713
0.993400
-10.574355
3.414455
-27.117473
-17.993203
-6.894268
-6.255975
-3.692967
-15.590328
4.152898
-10.728204
-5.868128
-4.286049
-6.911904
-1.533569
12.358949
-18.491709
-10.493337
20.600080
-13.245228
-8.541546
15.033370
-3.570555
-16.271677
-4.325678
-2.671208
-13.156886
-4.713090
-18.585076
-14.575478
-18.053946
-1.030139
-25.853489
-12.458033
1.281266
-20.510380
-11.742809
-5.175752
-5.452690
-8.190111
16.353028
2.030969
-6.755487
-9.023050
-2.803485
-11.866859
61.850088
-18.630247
-11.244382
-15.900741
-10.992305
2.509123
-22.871848
14.215154
-1.365274
-17.549019
-6.310916
-14.998704
-12.896371
-44.170969
-3.504310
-1.199910
-43.513855
38.341952
-13.569947
-5.281340
-0.712252
-14.064340
-11.846057
6.210195
-3.589590
-0.633752
-29.804730
5.404478
-1.024391
-14.392825
12.838947
14.804074
-13.229387
-14.210572
30.564204
-47.609870
-17.379229
10.250343
14.658791
-3.673752
-12.691625
2.118715
-13.934361
-23.968086
5.881376
-5.481916
5.344826
-14.455422
-24.462444
-3.423462
0.803841
-8.870923
-9.148655
-30.158012
1.375890
-10.104750
-18.493272
-14.547039
-5.499245
17.865799
6.864009
15.617119
-67.347942
-7.205105
-4.812376
-9.373246
21.823111
-9.120555
-2.420578
-22.439340
-6.744092
5.584091
3.989920
-9.476554
6.197331
28.946074
-5.275225
-4.163228
-11.812887
-19.020520
0.791384
9.821421
15.432104
2.922979
-17.478168
0.470230
-19.900209
-21.183898
2.662594
-1.943440
6.952358
-5.268061
-2.204777
-5.954714
-6.020665
-4.667986
-45.363335
-9.411608
-6.253660
-8.108499
-0.122161
-10.345010
-10.525727
-2.564628
13.586766
9.800666
-7.274443
1.068234
-29.078089
8.575379
-2.160667
18.072790
-20.088128
-2.479470
8.910977
-0.796891
-4.063937
9.036128
-4.959908
-10.408552
-14.485989
7.524636
45.620744
-17.717111
-1.138671
-8.677211
2.190156
-26.734485
-29.964043
6.980037
-14.844488
-1.022733
-11.432584
2.605693
7.178573
-11.515670
-2.589478
-6.916284
-0.233269
-2.519574
4.844393
0.507911
-16.435266
-9.153887
-15.753700
-6.746559
-4.891988
-19.391087
2.220732
-3.343903
4.969293
-3.783689
-5.220620
-1.421479
-23.209062
-15.298145
-19.723150
-3.128325
-17.163536
-4.421618
2.319072
-6.444682
14.571352
-5.051005
-1.807041
-8.781493
-8.932287
-16.006871
16.229648
-9.947563
-32.267730
-6.219929
-2.120326
13.223999
-8.279393
-15.091508
-3.405549
-14.348186
4.342141
-2.467882
-14.928793
-20.430462
44.564050
-4.492573
-6.795861
1.674675
18.531153
-3.126596
-7.392738
-13.457361
-50.948029
-5.660537
-2.508218
-10.883278
-17.125845
16.223981
2.299838
-4.497159
-11.215982
-1.700253
1.281484
-6.434896
-4.569902
-4.357432
-6.406613
8.963372
3.876513
-11.233796
0.413832
-11.134879
-1.237117
-0.893766
-15.682029
-17.269725
2.227591
8.476401
5.068633
-4.266072
-8.153222
2.479448
13.007176
-12.909284
23.787553
-9.865558
-23.280701
-6.240545
-12.598801
13.042514
4.690978
-8.799949
0.577306
-5.022539
-6.685924
22.128295
2.323731
-2.123445
-14.014115
10.989337
-20.173060
-35.357876
-3.587931
-7.848072
0.152517
-9.200720
-2.788788
-16.321402
-6.864643
16.717302
-4.492222
1.517903
-7.779612
-38.522248
-6.793698
-24.944018
-42.188108
8.946832
-29.382651
16.659764
-2.201684
-19.222452
4.710331
-31.107103
8.102203
-7.458956
-1.278933
-13.224443
-40.712807
6.737511
2.598194
-5.838223
-1.111286
-8.373692
-0.150693
-9.475703
32.030983
-7.012981
-34.621701
-11.636733
-3.473830
-10.717239
-26.137472
-11.088793
-5.460708
-10.093369
-8.017901
-9.016805
-21.013672
-18.342393
-4.684145
-10.924129
-5.765722
-1.421238
-2.587895
-2.675847
-12.349353
-1.586222
-2.383548
-5.027137
-4.488801
-9.243280
0.735500
-27.741729
11.265681
21.027433
6.323821
-7.254330
-4.789435
-0.375110
-5.708952
-1.310551
1.083377
1.820761
-14.595373
-5.470514
-2.081472
-7.492383
-1.193063
-27.960251
-15.316162
-6.473137
29.901231
22.459048
-2.293380
-1.297977
-36.336141
25.869178
1.461086
-7.623277
-12.205923
-7.791706
12.419576
-10.739551
-7.606523
-1.170340
-17.462473
12.057164
-2.814705
17.273177
-13.685900
20.191029
-15.915295
-10.204997
-7.866189
-4.519830
-1.531437
-7.451485
-7.284215
-6.361672
-4.710217
-1.698045
-7.481234
26.874381
-12.506685
-4.334186
-19.888548
-6.580662
-4.801492
-6.768911
0.539523
-5.575926
-21.427146
3.601685
-20.505593
-13.663485
-7.604505
-5.869947
-47.309977
-4.024090
-7.941866
-47.611001
-7.994216
-0.957390
-21.376912
8.947913
1.680476
-0.857365
-1.539400
-20.800589
-10.360492
-4.036960
14.481175
-5.990465
-7.796027
0.230663
-14.832112
-20.860990
-5.728520
1.655241
-4.966643
-13.896597
-9.004718
10.997909
-13.753543
-5.060545
0.918267
-9.757545
1.541544
-41.171609
-13.056179
-9.729493
-39.798973
0.440405
20.601422
-5.961081
-13.771973
0.008352
-2.838253
-16.921880
-24.986538
8.265440
22.834677
-10.410591
1.026598
14.825074
-23.010859
-1.023899
-1.166210
-4.808700
-7.681459
4.868301
-15.134185
-6.504529
-0.114038
-17.935553
-5.809006
-2.772656
-0.029205
-1.404731
-1.988735
-4.290807
-4.945460
18.566335
33.186700
-11.326920
-32.032200
-10.146328
4.498464
-1.795935
-13.150985
-9.225288
-6.199235
-12.828818
4.732534
-23.951375
-9.709014
1.694111
10.724347
-7.810996
5.086012
14.043440
-5.501738
5.753349
0.198331
-7.679118
16.673825
-2.552179
21.947935
-6.587756
-11.545866
10.324130
2.592784
-3.348033
-13.507203
-3.427613
-3.450291
-9.409918
-5.303844
41.402683
-3.189418
-3.786542
-26.573079
3.787105
10.130406
-19.475988
12.879987
-4.563963
14.786434
-5.383149
-19.213847
6.635674
-6.920924
-20.645226
-5.197457
5.873210
4.306340
1.076799
-46.161425
-34.726853
-8.200200
-7.325568
-11.845561
-0.114197
-17.854360
19.912118
-0.655183
-2.007823
49.258347
-0.789723
-9.063957
13.064440
6.760346
1.216253
8.497624
-2.748856
-6.371730
-7.352580
-18.805396
-6.282152
-9.863021
7.768992
27.343565
-2.864832
-5.134359
-9.973552
-5.504837
-12.394398
-6.403929
-1.303647
-14.095017
-13.103602
-36.795901
9.202978
-7.284988
-13.329999
5.387723
-16.077463
-9.126394
5.126311
-39.666342
-14.771185
-10.796935
-0.712986
10.805958
26.712293
-9.805764
-12.285531
-7.774725
7.510311
-10.812094
5.978699
14.177269
9.071415
-12.324088
-2.807468
5.781919
15.746209
-22.071460
-15.843281
-4.234974
-20.092275
-17.560070
9.045434
6.404053
-25.999587
0.522336
-10.344471
-1.281807
-4.433282
4.989828
16.459347
-6.374588
2.296022
-5.995403
-4.969189
1.514298
-29.841200
-4.733873
-14.199569
-31.106407
-5.178018
-5.725883
1.263106
-10.656080
-21.428195
-19.736994
-15.685217
-28.063590
-8.508658
-5.885540
5.106532
21.649511
-63.925273
4.932842
-1.327361
-0.238430
-2.205951
6.958379
4.912638
-36.842499
-7.980542
12.956655
-6.435746
-10.124850
-23.284522
-15.316306
0.304521
-9.960164
-70.282468
1.969632
-48.070759
-10.385770
0.262625
-9.309084
-8.181312
-8.174908
-1.339017
-36.416990
-7.024240
-0.767362
14.249479
-5.095973
21.970903
0.282540
-9.562936
-23.724139
7.847776
-8.615655
-16.972263
-7.451616
8.089016
10.209084
-1.367154
-1.183735
-2.607422
-8.534201
-3.438714
0.074424
-8.877858
-7.325824
-2.531065
6.335074
5.666679
-0.235143
2.228854
-12.717543
0.254760
-2.712095
-7.821811
-8.986867
-3.681504
-39.500010
-1.381609
0.514992
-10.684736
-39.633609
-6.637167
4.131025
-12.705464
-17.565856
6.843572
6.238551
-15.497693
-13.031637
-4.210536
-9.199379
10.003815
3.048509
5.782958
-5.032986
-1.898050
1.015416
-2.456557
-2.989385
6.383316
-36.311392
12.456386
-18.336699
40.379538
25.416535
-9.891284
-3.956196
0.515936
6.400430
-42.586317
11.491661
-22.407673
9.693314
-6.544445
-11.184881
5.309643
-11.324745
1.213027
-3.149810
-0.893450
27.914000
-0.623634
4.896113
-7.822631
-4.841803
1.661287
-0.484333
-2.916579
29.068583
-5.821117
3.410179
10.798306
-3.123380
-6.350207
-3.826121
-11.590324
-18.755271
4.183430
14.984864
23.147769
14.145367
-18.159030
-5.015704
-0.642466
-17.607457
-29.358598
-12.564705
-7.789322
-29.304359
-1.986976
-6.786882
-4.501096
-57.676348
-5.619813
-4.914642
-0.884086
-0.372594
-2.123420
-3.960643
-1.531034
-11.227282
-8.125449
16.495235
1.299170
-7.679924
3.555282
-2.340791
-11.640092
4.246674
12.805621
4.364213
-32.263130
-33.822818
-5.158186
-7.471699
-13.689812
11.460594
0.854782
-5.535923
8.813767
-5.627209
-22.673166
-5.062878
-18.438375
-17.147077
-11.157481
-0.686426
-11.165198
16.106787
6.598827
-4.676272
-2.662578
12.549444
1.776094
2.546761
-17.923442
-8.009258
17.166770
-7.195790
-0.756968
-11.512565
-24.379909
-7.555171
-6.402381
-24.605980
-27.159273
-10.634082
-0.685772
9.626387
-1.517419
-20.085246
10.093822
-13.709825
-0.055365
3.475104
-2.130640
3.415969
-16.342666
-8.382818
-5.221064
-6.194575
-2.475585
8.238808
6.367667
-9.783704
-0.448638
-25.779001
-30.114840
16.427584
-10.290316
-0.772486
-27.675711
15.925214
8.864140
2.393787
-7.206106
-46.905165
-2.469354
-21.803149
-13.357278
6.467939
-10.609500
37.865222
-14.494549
-63.632973
-16.364753
5.243110
0.261762
-8.715172
1.697448
-4.929605
-3.599274
3.181533
-8.971326
16.720212
4.805446
-23.465053
-10.316633
11.180544
-4.732554
-2.879467
-1.565876
-6.056812
-10.523038
42.269696
-0.486274
-14.578866
-4.915778
-1.647696
-1.799455
-0.686388
-25.249126
4.136802
-9.167982
-12.050569
14.728771
22.492504
-2.024773
-4.391931
-1.944376
-9.648686
0.855291
18.167290
-11.738161
21.237655
-9.859279
-6.791812
7.202511
-13.022544
-4.313543
-2.610499
25.078199
50.385199
-9.952706
-40.894315
-38.329845
35.912577
-3.246038
-9.800913
-24.928063
-5.068524
4.162676
7.933432
13.879590
-1.881437
1.044190
6.825006
-23.550357
-5.922870
1.530579
-7.935793
5.897055
1.248221
-7.820650
-5.688739
-3.388532
-10.186912
-6.808454
10.904169
17.521291
-2.662580
18.095096
-4.328558
-12.381954
-4.903222
9.156584
-24.824757
-6.684268
-12.618451
7.049637
3.266060
-10.436559
-0.982463
-18.954852
9.170786
-14.756383
-30.720116
-2.543007
-20.645758
-3.358741
-2.629667
-10.970178
-8.230036
-4.120798
-9.355418
-1.701282
-9.257109
17.937747
-5.607843
-9.579922
-7.687444
-7.325883
9.688367
-3.564237
8.796616
-17.047219
-11.683153
-2.645497
-30.828227
-2.848500
0.279106
-4.990715
-40.111841
-6.467393
4.064702
-25.430899
-10.531176
28.796010
12.022610
-4.575444
-28.304502
-11.516014
-30.678013
-16.738344
-50.184777
-24.239093
-0.127399
-11.412229
-0.739170
-1.423069
-2.919151
-15.822417
-6.511252
-2.666641
-19.434165
1.313113
1.294200
-9.254091
2.806314
-3.173475
-20.226358
-3.242756
12.928685
-4.644838
32.234595
0.676522
-3.042283
-25.548618
-3.071614
0.449826
4.205700
-22.734761
-10.079492
-5.049516
9.071308
-18.687574
-18.548972
-10.365067
2.087456
-4.962462
-40.789481
-43.787266
-11.520327
-8.020932
8.353903
-26.297212
-29.422978
-7.299684
-7.170934
13.145772
-21.623575
-6.675767
0.922313
-16.996926
-10.892608
3.104160
-2.600011
-12.089250
-6.595539
-4.464440
-20.929270
-5.390473
-41.315704
1.275477
13.492749
8.954902
-6.500623
-5.810506
-40.108638
-5.868935
-9.964695
9.339409
-20.963961
-0.571213
11.636305
29.850936
2.100691
-24.422062
-1.324594
27.544032
-21.252684
6.589771
-1.995665
-17.498267
-0.934916
-15.131135
0.301193
7.919440
-28.824820
4.704336
-34.084031
-1.272331
6.207297
-44.447555
-2.167396
-47.317674
-5.702933
-12.539154
-12.369217
-9.419673
-17.628900
-4.094412
-3.914989
-2.329324
15.206702
-13.603955
-4.796795
-11.057150
36.969902
-5.672285
-4.011836
-22.667831
0.990768
-11.541475
-66.686820
16.966873
-26.154733
26.735817
30.020966
-3.591361
-8.125315
-4.607994
-16.333216
0.226651
14.970584
14.960467
-7.364127
-15.043390
-10.427978
1.324069
-16.111886
-7.642090
-7.729758
5.652111
-6.673287
-6.431649
-13.354385
-11.943984
-5.840741
10.834527
-24.544973
-11.605653
-14.058590
13.971666
26.490356
-29.192940
1.334622
5.228741
-0.665842
8.739433
-16.196682
14.929837
-24.297145
2.009504
-4.462876
-10.187502
-0.383907
0.946410
-17.634088
-1.702531
-6.010455
18.844335
-28.126472
10.127626
-35.512492
-4.912754
-36.610153
-30.389485
-25.579735
23.678929
-4.074431
-22.207000
14.503262
4.497115
-20.260768
-1.422955
-1.248730
-14.950841
-8.956130
-1.285255
-8.553953
-3.797480
-19.837879
-16.909337
-6.144459
-13.731756
-6.341592
-23.836907
-14.701058
-29.615009
-10.287132
-16.397247
-13.051215
-13.570577
-65.243702
-5.434516
-2.503829
-20.411877
-8.682668
1.803823
-24.700912
-19.372887
-0.626836
1.506528
6.302104
-11.309295
-14.572278
12.881496
19.929550
2.309623
-4.325249
2.881324
-13.007219
-9.803206
-8.247489
-18.407882
-26.120525
-2.127595
-5.470402
6.501888
-6.202704
29.900129
-5.902992
-0.417248
-25.924085
3.945548
-13.752926
2.896674
-13.746077
3.282156
0.346396
-9.823918
8.848769
-23.732026
-10.391896
-12.353338
-11.014393
-14.486694
-8.584440
4.692027
-18.743714
3.295746
-10.023885
1.771725
-3.425965
-0.430665
2.104367
23.368388
-10.711173
20.506631
8.968620
-52.405999
11.554418
-11.582944
-40.731351
-12.735639
0.017422
-9.742856
-11.364575
4.658671
-1.029589
-6.639380
-6.146505
-9.352047
-6.686092
1.205251
-3.699247
-1.382159
-15.918195
-18.801982
12.320490
-23.342810
12.466645
9.942937
14.558797
-4.395745
8.720617
47.310678
-13.185105
7.671066
-14.815738
-11.263117
-11.139062
-46.285304
-8.466388
10.384003
-34.499159
-11.916268
-36.134512
-4.006960
6.737876
-4.675844
-4.319693
-10.934307
-6.015189
-11.186180
-1.547335
-23.004318
-9.268096
-2.940696
21.706286
-7.922078
-4.828747
-0.688545
-2.760941
1.233142
21.179191
-3.906882
-15.235219
-25.088254
14.492893
-0.139939
-11.420748
7.179879
-14.702368
-9.143134
7.707509
-7.684681
-3.957469
0.567257
-5.038826
-71.592446
5.928237
-3.009148
3.322373
16.279145
-0.860745
-1.937982
16.046830
2.195757
-7.577735
-0.723970
13.954897
-17.892470
-9.414774
-16.755597
-5.254008
-11.523743
2.632943
-9.982519
-10.076629
-17.000589
-17.054868
9.394433
-8.468881
-5.165077
-24.272671
-4.769804
-3.241851
-7.931754
-18.972149
-14.667366
-9.138190
-17.447367
4.942800
15.941170
1.867576
-8.314067
-8.206238
-4.029049
-9.965490
-7.257870
-0.951795
3.650501
-9.857277
11.509166
13.663063
-18.575927
-7.625108
-8.457162
6.506908
-3.275850
-19.347492
-9.271573
-7.672938
-6.719357
-8.058877
-4.294115
-8.074758
1.427261
-25.861193
12.425785
-8.582846
-17.006500
-8.194828
-11.795632
-16.460421
-4.649264
-2.245410
-7.592294
2.072076
-10.662651
-69.237071
-8.274662
-15.723808
-1.417277
-9.706940
-1.434553
4.926107
17.828839
-21.024291
-13.527295
-3.302113
-0.251416
4.363969
-12.964118
-7.458152
-0.184918
-15.656743
14.108186
-3.721859
-5.575446
-34.865750
-8.263341
1.192256
-10.951574
12.833031
6.817319
0.142863
-18.161229
-9.513973
-18.745448
-3.666208
-9.965693
-21.596825
-38.657524
-11.876430
-7.825778
-7.276328
-11.325394
5.600629
-25.039007
16.969202
-23.595773
-5.772003
-9.497288
7.174248
-11.951369
-4.781770
8.437631
1.954618
-14.959748
-7.688105
27.284193
-6.282777
-10.994873
-3.594214
-0.762033
-8.526733
4.091439
-6.958372
13.494112
-23.374636
-3.031615
-2.757175
-11.124969
-11.528387
-9.711772
17.836621
-2.397728
-10.320076
10.888324
-44.817685
-5.230046
-1.253278
0.085626
-10.535760
-4.365118
12.732918
-6.351201
7.246526
-1.673355
-10.819052
-10.245129
-5.027543
1.931411
-23.062021
-0.718135
3.581835
-12.390768
2.294117
-13.276511
-1.359087
1.453801
7.973701
-13.888608
-4.838334
-7.834722
-13.197705
-27.935202
-6.557749
-0.047534
-3.673473
-7.934661
-18.079798
-3.775293
-9.826529
12.668119
0.654784
-9.260343
-8.907564
0.130714
-11.703167
-6.270788
-6.373000
22.856025
-15.085056
-6.731907
2.465019
-16.507946
-3.191654
-7.464662
2.435591
-4.020298
4.652399
0.032504
1.810970
4.411403
-17.180935
-6.295697
-17.086059
4.505984
-7.674215
-1.442551
-1.176999
-3.102480
0.266794
-10.299723
-5.386014
-7.237267
-14.170753
29.000565
4.535713
-9.368953
-8.680333
-7.632027
2.374641
-8.075863
19.283217
-7.603358
-4.544477
-5.786415
4.994512
-0.865848
-2.440606
-3.695914
-3.609369
-2.645586
4.166552
-3.519910
3.821560
-9.067757
2.229004
-3.506796
-30.066768
-8.241618
3.077988
9.930986
-36.100423
-31.203145
-3.215971
-12.101051
1.716069
-0.195201
-5.427042
-2.203720
0.657562
3.513494
-5.506155
-8.961054
3.903249
20.629543
7.578183
-12.776072
7.963593
-0.837630
-18.690977
-0.526570
-20.575981
-4.943058
-14.508827
4.384630
-12.992057
-1.297599
-10.339691
1.255878
-11.393431
-26.300735
-9.284184
-3.323733
-7.359693
-6.268525
-11.567309
22.018702
-5.676431
-5.261830
-33.831277
-8.345696
-8.812685
1.383376
1.255452
17.690927
2.914543
-12.830522
15.231158
0.067949
-16.592542
13.327522
-15.976714
-6.712963
5.929128
-15.929326
-5.948953
-11.305221
-10.930998
0.196231
-8.911829
-5.311539
-7.545293
1.421293
19.818729
-2.357915
1.203044
-26.372060
-2.043827
9.360001
-12.594957
26.178726
-3.747127
-5.378919
-22.673645
-11.927437
-10.887391
-5.285655
-20.978802
26.075397
-3.273014
-1.893128
-25.328873
3.640372
-7.977117
-2.005837
-2.632348
-6.340701
-19.819316
-0.969619
-1.615557
-10.734359
-5.645239
0.157599
9.581036
-9.934256
-3.931661
-13.048602
-12.225412
-3.309150
-7.342982
-2.820873
5.242917
-15.895521
16.083165
-7.340807
2.372023
-1.424251
-24.325165
9.841439
-6.114882
-16.138592
2.311675
-3.749023
-8.773728
-5.061406
-7.422035
-2.029638
0.692020
-17.807545
1.797111
8.128187
-6.653878
-10.364846
15.011158
0.558129
11.466063
8.851586
-7.610901
-7.038725
31.237767
-7.195665
-9.999040
-3.484669
4.827943
-3.608353
6.749156
-6.244982
-46.435070
-24.704973
1.160058
7.978619
-12.968597
-20.245392
10.911881
1.870925
-10.132599
-8.706228
-19.537100
-5.891769
-14.247047
1.671193
-8.951093
6.396838
-5.173898
-16.094527
-9.314750
16.186184
-6.186328
-6.119101
-72.044220
-1.877357
-3.734394
54.630586
-21.211443
-12.938191
-9.121197
-7.881132
-11.652234
0.404179
-10.401736
-4.538694
35.657558
-6.557803
2.323124
0.324497
5.030413
-12.170717
0.980326
16.529862
-14.818540
-36.737242
-4.797719
-9.677479
-7.325387
-11.487454
-13.665542
-14.446425
-12.199961
-19.811053
-6.002228
-16.155133
-25.289195
-5.903875
-18.451514
-8.920605
-3.899917
-0.694909
14.761236
13.259773
-36.779220
-28.274712
-3.913395
7.540871
-11.018331
-15.701205
3.697881
-23.837199
-10.881032
-11.808067
-0.101605
-17.955092
-26.469886
-10.441978
-5.550432
-9.709784
32.951527
7.834050
-2.896966
-5.456076
-40.849455
-15.827164
-3.937506
-7.880714
1.563103
-1.594909
-3.374097
-10.409968
0.535992
-12.276857
-0.931950
-18.634656
5.422140
-9.163036
-11.833895
-10.937216
-18.670770
-4.250184
2.025929
-3.554519
-0.172182
-13.836716
-2.426876
10.815257
3.277440
-1.829408
-6.954654
9.806565
-1.971763
-13.715393
21.804373
-8.164875
-2.164035
3.313136
1.684916
-6.943590
-5.809189
-7.823832
13.185028
-2.655146
-6.252691
-11.359743
-4.704387
10.499053
-5.721999
-5.551078
1.185164
-26.935634
-0.022579
11.676171
-13.333895
-13.957823
-4.195048
-1.981659
-3.010299
-4.662159
-2.463181
-4.880815
-23.279216
4.693646
-7.852673
29.960921
20.071191
-7.818191
2.320705
-1.584738
-1.482289
-7.895909
-5.884736
-4.055034
-16.125505
-4.521212
10.879767
1.366311
-11.921546
-14.109640
-2.431272
45.146629
8.369551
0.661598
-13.688816
-10.335709
2.592319
-2.574017
-27.323651
4.680282
-27.314383
-6.061753
-42.968644
-21.663796
-16.789512
-10.733476
4.026300
14.385019
-2.476081
-5.682792
-15.309773
-3.358401
-1.737022
2.108163
-3.569614
-2.657466
5.700951
-0.487532
-26.813816
3.756163
9.209538
8.272908
-5.436734
-5.889369
-6.304198
3.278261
2.172642
-12.285499
-16.682219
8.979152
17.149793
28.035199
-11.233793
-0.357271
-9.460646
-1.291525
-12.556097
-8.488989
-10.016159
32.130493
-8.772358
-5.466168
3.275929
26.944092
-15.483908
-9.167965
2.507998
-23.829648
13.035040
2.690949
-2.916336
-6.392687
8.416615
7.465834
-50.708788
-34.709377
2.249665
34.806597
-28.085135
-4.613479
-7.049726
-2.333680
-17.188007
-43.276966
-31.400607
-1.544451
4.422311
3.029422
-10.869185
-12.841015
-20.949907
-13.426168
-7.602324
1.354799
1.854462
-11.948998
1.941350
-7.207497
8.542297
-4.380114
13.751468
-0.278691
0.701341
-18.403600
-5.377489
-10.037837
-9.030714
-19.626654
-13.872166
-21.541400
-8.072662
-7.078640
-17.831174
-7.808065
12.820301
-0.176096
10.544674
8.512933
-3.089039
1.525113
9.686131
-4.478758
-3.343562
-20.688732
-5.922976
2.598954
-12.465116
-12.249789
-15.384430
-7.001954
-12.385700
-7.690129
-6.880005
-8.371255
25.967331
-2.298032
10.679643
-4.755178
-4.069637
6.804276
-0.729902
-10.625302
-9.807955
-12.892071
-9.455910
-12.316236
-7.009253
5.689880
-7.432077
-8.259235
-0.862995
-8.344395
-6.266462
1.402471
-28.815101
6.520896
-16.692783
2.006560
-1.330982
3.025725
-4.444682
-5.714821
2.617136
-7.385585
34.431439
-6.816082
-7.613642
14.921024
-11.802709
-0.836308
15.420677
-6.801043
-12.118205
-21.379224
-0.909274
-11.115751
0.611088
-7.229362
4.490733
-13.045067
-0.289682
-7.529192
-19.408914
-3.512876
-5.637901
-15.068801
4.560202
-6.736851
5.145904
-24.490376
-2.830609
-11.372526
-14.024182
-9.871210
6.114919
-11.883035
8.570124
-2.290491
-1.791605
-16.526725
-3.428730
-8.794296
-19.850104
-45.281575
-14.871915
27.443503
-6.779633
5.188808
-12.055954
-12.292583
-3.273843
-7.347105
-3.153578
-4.944739
-4.904614
-7.802753
25.971903
-11.827317
-10.759605
-0.323035
-7.680052
29.178511
25.270835
-59.459634
-5.016579
-27.219204
2.259995
-39.766149
-3.992286
-20.424436
-3.802848
24.437039
-12.275760
5.456273
-16.086863
48.541905
1.415717
-41.641915
-30.273580
-9.441116
-17.383903
-8.578185
-8.866378
21.733911
-1.616437
-7.092860
24.836535
-20.107848
-16.740586
-5.007773
-8.940542
-6.790024
-8.292332
21.928063
-3.835021
9.914028
16.331022
2.118907
-7.912937
-23.390251
-6.233344
-51.135162
-5.975827
-13.280163
7.683787
-3.554972
-1.037143
-11.341458
-11.296712
-6.983214
-10.395458
10.336679
-2.819906
-10.066514
-13.194864
24.588335
-1.719618
10.180954
-12.371204
-9.348532
0.559414
-4.012244
-7.346448
5.021690
19.028662
-26.671774
-5.377007
-14.057273
-9.338651
-1.139792
-17.771837
-7.202117
30.949368
-6.598599
24.545386
-23.940704
-8.054657
-9.059393
0.249875
-5.251550
0.828497
-4.123659
-4.400014
-3.284236
-12.643404
-8.219902
3.435466
-29.011381
-0.232610
14.502103
10.668130
8.433963
-6.313641
-9.033746
-21.030190
-1.666450
-3.836317
-13.287823
-20.028739
-27.892003
-4.448973
-16.984977
2.447194
42.908825
5.226268
-7.081364
-7.170381
-30.508908
3.497383
-0.552391
-22.045571
2.792697
-3.574800
-4.550659
-33.870009
27.279877
4.556082
-19.368296
-8.012875
8.707376
-6.287014
15.098496
-7.462252
3.493506
-16.535395
5.875756
-21.945599
-17.107084
-4.978241
-5.083085
-7.052724
2.544234
-18.496396
47.446741
-43.901705
-6.382045
-8.870239
-7.796266
-6.968494
-11.847021
-4.751162
1.650505
-14.530865
-2.732811
7.872157
-23.604364
27.207750
-15.216968
-3.644337
-39.613162
-7.041578
-21.313150
-6.299114
-4.222982
-28.653596
-10.269950
-14.499554
14.288063
21.719920
-29.121595
-6.398413
-15.812050
-3.153563
-14.946574
-9.220689
2.715594
-1.208037
-16.089724
-8.613862
1.529013
-0.474421
38.007546
34.610052
-12.498650
-4.118347
-0.612806
-15.393905
-12.212095
-29.024938
-7.280250
-2.219954
24.548062
-4.327402
-4.701806
-23.009808
5.505507
-4.180260
-10.337408
-51.800545
-7.523759
-22.446112
-17.837140
4.332633
-11.485589
-6.350402
-11.528318
-5.642156
-7.092482
-6.830109
-6.755425
8.321199
-22.930764
-22.208244
-16.691401
-24.484111
13.462723
-9.482492
8.059365
-26.543919
-23.170088
-38.969490
-7.205476
-10.601577
-15.175970
0.708569
-18.021805
-9.043132
-5.283420
13.001870
-22.486338
-46.686538
-12.116740
-9.780622
2.567103
-6.899459
-17.127631
-14.421895
-9.095697
-13.026068
-2.311763
2.150102
5.358479
33.426448
27.129855
-13.490159
-22.272813
15.305397
-1.698257
-24.987503
-4.295951
-5.597951
-9.079963
-6.674942
-7.241555
6.586275
-17.560959
14.074305
-40.044934
1.483817
-4.294667
-4.355280
8.545746
-22.346367
-6.421619
-22.809334
-5.589208
-6.921890
15.600900
-7.174050
-8.575439
-13.567390
-1.549352
-7.825500
-1.615489
-3.300822
18.149458
-12.724308
7.861493
-18.313327
4.867638
-9.129848
-11.854116
0.015131
-8.415996
-7.289395
1.001686
2.752160
-4.314804
-0.219675
-24.646652
38.507392
-13.453068
-15.399260
13.471157
-3.700468
-11.598660
7.307913
3.537855
-0.175314
-4.801913
-3.429940
-11.140853
-0.209501
-7.710365
-9.953012
-11.928612
-10.507589
-28.169302
-5.206293
-4.483365
-18.323426
-14.930029
0.204953
-3.033421
-18.570134
-8.600360
-10.013736
-17.337995
14.840108
6.215175
-21.006895
6.146313
-18.304469
-24.629450
19.767093
0.602952
11.370211
-13.216698
-4.355444
2.624841
2.668355
-5.207821
-5.897037
-3.566856
-46.859435
-21.091337
-24.470741
-6.278896
-1.354567
13.858181
-4.133073
13.405259
-8.131119
1.923081
-10.017978
-0.382657
-13.030863
-6.073190
-2.012514
-36.542818
-11.394335
0.831408
-10.614534
5.003531
19.155948
-0.047453
-17.502319
-6.619658
-4.367100
-11.600912
-62.198392
-7.040245
6.757991
6.973365
3.317916
-9.671522
-16.455073
-13.743037
-11.269057
-8.691933
22.559594
-10.220165
-10.012454
-12.935878
-2.844565
-9.171715
-6.847238
-16.601495
-4.053239
-5.921224
-17.655170
-9.149390
20.132738
-10.233461
-3.055235
3.496081
5.931695
-2.450934
-4.557299
-3.037993
-1.511131
5.284895
9.116858
2.288173
-11.150763
-3.861819
-5.779818
-6.963034
19.156870
1.708308
-14.363757
-1.093609
-1.936660
-7.646698
-7.722167
10.365797
8.447106
6.359860
-21.332683
1.545732
-8.864899
20.410246
-14.934240
28.536092
-32.796202
-14.202415
-4.680746
-3.197197
-0.307811
6.881255
-32.543707
-4.192395
-4.083671
3.958319
2.840786
9.334635
-23.542297
-4.133101
-23.565618
-2.918236
-16.648434
10.942998
-1.000727
5.027167
-14.472662
-3.465826
-29.073100
-5.621150
-15.477558
-12.792690
-0.701185
-7.825276
-6.468905
2.141226
-5.407671
-3.638028
2.879349
11.366925
-11.223910
-2.814042
-2.940858
-16.985293
-3.268166
-9.820926
0.415766
-4.555479
-7.101986
-21.895167
-7.676730
1.445211
-9.259907
-9.265202
-5.146201
3.398502
-5.524370
1.735867
-15.561612
-3.855126
-0.742311
-7.849807
-5.918871
-7.333781
-15.779665
-1.506077
-14.570731
-10.072461
-48.215022
-3.557769
5.617659
-38.838111
-2.897232
-3.000554
13.333211
-8.783881
-2.992282
-14.901482
-0.250383
-11.943340
-7.900781
1.636047
10.742629
14.684319
1.152712
-0.749289
-5.708440
0.398780
1.218533
13.097230
-11.740415
-4.340018
-2.246364
-12.010110
-4.469699
-12.095845
-8.738491
10.293535
-11.715175
-12.202490
-13.055931
-12.921178
-0.440011
-15.464480
-7.120705
-11.578658
-10.240580
-18.922193
2.105185
-2.988460
-0.172696
-6.608294
-1.292044
-0.573476
-19.850889
-2.954921
-4.776537
-40.352286
15.211799
-4.506806
0.327516
-6.907419
-7.276153
-12.309960
-2.841667
-26.998592
-5.482407
-6.681884
14.476093
-17.674738
-17.122392
8.323903
-17.033890
-3.326261
-18.265322
-3.774085
-3.287772
7.613663
-8.785272
-4.702619
-8.438262
2.262998
-7.011462
-15.725330
-7.197759
-10.503463
5.248150
-2.982196
-2.653865
-6.612788
4.571060
29.819222
13.198468
25.791201
-9.588499
4.336165
0.154443
-0.011014
-7.552849
-6.690334
-8.674359
-4.836323
-5.385538
-5.164412
-5.111976
-7.798786
-5.385233
-2.279784
-18.341255
-6.302988
-3.103251
3.137095
-1.701958
-18.668685
16.184646
-17.570952
4.480226
-0.177523
0.247247
12.665386
-22.857083
-16.322097
14.241654
-2.232358
3.260126
-6.036427
4.458570
24.545526
-12.926306
-8.404220
-17.175514
3.885773
2.074101
-9.620428
5.060773
-5.834099
-4.972176
3.153137
-7.943749
-11.624518
0.309326
-6.207408
-6.812012
-7.965766
-12.103951
7.444181
-3.946097
-8.395942
-5.078222
-16.372921
-0.024002
-10.845621
2.403927
23.900786
-26.727982
-12.819414
-12.838370
2.707735
-3.869450
6.951902
-3.821095
-21.880923
-5.946909
-37.912872
-9.253777
12.406154
3.994818
-18.456302
-8.683493
2.150477
5.751158
-7.685564
13.737397
-7.030134
-6.271704
-31.099449
0.801085
-6.394918
-6.916373
-14.907773
-2.438889
-11.116720
-2.251487
-9.526441
-4.079219
8.703443
2.732561
-32.227328
8.435351
-5.915096
-9.878483
57.291888
-28.679298
-16.722546
-11.909481
-18.444799
-9.100900
-13.790363
-6.512265
-8.229926
17.213337
16.587869
-0.798259
-14.924677
-12.007041
-10.332024
-27.921566
13.358732
-30.008514
2.951101
-6.251113
-2.141610
-13.079054
-15.843899
-7.515704
-8.420583
2.444767
7.108702
-9.884552
-5.460306
3.306499
-1.974653
-5.975877
-6.363412
-42.062880
-7.414694
-13.731437
-23.641753
-9.045950
-38.650899
-9.431273
0.719829
-31.735199
-5.995185
2.211641
-17.703064
-21.269154
-26.333002
-35.512177
6.081170
-2.733155
43.770407
4.840707
18.720570
7.470134
-15.567655
-6.650074
-1.769521
-12.615828
-12.046618
-9.598492
2.522831
8.351382
-26.973148
-0.662686
2.306421
17.101376
-8.728589
-17.885886
-5.395324
-0.417146
-8.574987
0.423450
-6.912662
2.054177
-20.762293
9.604456
-31.966147
-5.200594
-1.666564
-10.043371
8.180740
-3.598965
-3.818545
-14.563546
-9.326341
-17.393649
-21.238366
4.105134
25.849699
-37.743028
10.645898
-4.419362
-4.671718
30.204889
-4.483942
-26.059347
-38.434747
3.943486
-16.442661
-3.738542
16.251198
-7.104580
-28.327271
-21.370397
-3.277493
-9.997931
-12.573777
0.150414
-3.992615
-10.942129
-6.456375
-21.027345
-38.702864
-10.402952
3.151550
1.193835
1.901314
0.092439
-8.764613
13.242457
-11.654514
-3.322276
-2.644706
-17.881125
0.647799
-12.516071
8.026216
-35.053244
-14.501474
5.120056
-5.651416
0.029788
-16.349310
-58.036298
13.052306
-5.236454
1.841258
-11.818986
0.744739
-41.699499
-20.617988
-12.056004
-5.206885
-12.331608
-8.920405
0.663126
14.343745
-11.004638
-3.407943
-13.134263
1.666369
36.172167
-3.515316
-29.294642
15.484846
-47.900824
8.468496
-9.915524
-10.509656
-19.506235
-10.043964
-8.912333
-10.350508
-8.447819
-5.349523
-17.894099
-18.607390
-4.869134
-15.505502
-6.412268
-14.713517
-4.283999
15.705568
-4.924988
-7.720021
-8.155059
-4.570928
-7.899148
1.924964
6.754516
-6.755013
-21.208908
14.593566
-2.394549
-6.234937
-8.548720
-2.782141
-10.774204
9.759132
5.287109
-14.143449
1.733334
9.347920
-22.038474
-9.098493
-5.704113
-12.468823
-18.677335
-2.700433
-33.655383
2.047811
6.083149
-9.437623
-11.294156
-1.179218
4.674888
3.671228
-5.964552
-16.964573
16.095240
-6.314823
0.313670
-16.328417
-7.853870
-2.567945
8.010932
2.167466
-17.882347
-1.074172
-12.701743
29.685318
-15.682839
-3.578260
-10.200393
3.325029
-0.192345
-7.239898
-6.536834
-21.010555
-9.184428
-6.691099
-22.966674
-17.615905
3.409396
-26.013023
0.056802
-6.963710
-8.528560
-2.306809
-3.843570
-2.281664
-13.247492
-35.661949
-3.791651
-11.807155
-7.511639
6.633604
-9.072498
3.475716
8.282194
-9.065904
-6.131074
-10.336521
1.469856
-9.713243
-4.180236
-1.640196
-25.311795
5.041026
-11.688754
-11.656608
-3.299258
-7.283641
-19.202192
-11.810218
-6.884395
-4.368326
-23.857757
9.667723
-8.322363
-4.467652
-17.222608
-19.686107
-30.384615
-2.016755
12.906844
10.126049
40.364014
-14.442601
5.997101
-7.243487
9.650823
29.374791
-4.599255
-5.586537
10.370533
1.575766
20.606594
-14.222449
-1.674859
-13.737604
-9.062479
0.780156
-3.411466
-14.177354
-5.822887
2.689780
1.827888
8.888690
-1.553730
8.190381
-7.193026
2.081535
8.419068
11.028491
-17.543000
-9.213548
-13.507944
9.176442
-5.872292
-4.783417
-13.742593
-11.589798
-17.284037
-5.643667
-18.217598
-2.388075
-5.592316
17.293691
-8.992603
8.237704
-13.105477
-6.059443
0.497019
-21.045591
0.687590
-3.301280
-19.159797
20.807081
-6.954790
-9.697245
-29.476601
9.721380
-13.672672
-4.918950
-4.452956
-16.284286
-1.524800
-46.787303
-15.270821
3.911454
-11.658037
3.479431
-15.300976
-20.957264
-12.800323
-1.137594
4.822069
-1.473337
-14.688459
-12.198963
-5.325552
-7.242004
-5.858546
2.789236
2.912263
-5.072550
-7.052905
-3.665796
-15.718434
-24.889420
-42.047788
-4.041632
39.893066
-4.076174
-2.930408
-9.706440
2.262866
-20.368972
-5.734550
12.394145
30.093064
-7.495064
-4.677469
-4.619296
1.468931
-8.262445
-16.169008
-7.362731
14.834017
-21.924462
14.125313
-2.466584
29.659142
-6.398486
-11.813325
1.775696
27.169840
-15.296697
2.789029
-43.717527
37.149067
-1.728952
-6.583002
-3.046068
1.221587
-18.260564
-22.952035
-5.694410
0.382067
9.039522
6.294485
-9.732378
-40.217281
-3.289880
-4.346064
-3.440854
-10.155782
57.831458
1.591222
-4.548368
4.647355
31.332385
30.386490
-14.691122
9.399143
-3.051112
-0.611852
4.466854
-2.863368
-18.398055
-13.125468
-3.548798
-11.987094
-7.402895
6.514859
-6.831073
-5.422529
-4.532351
-6.934508
12.580429
23.644129
2.149020
3.782015
-12.232081
-3.894991
0.887012
4.127117
10.502471
8.839274
-23.983645
35.991688
-4.949360
-15.432999
-21.132039
-4.236722
-16.319752
-13.647478
-7.969329
5.533618
-6.840239
-3.067493
1.054001
-3.818846
-12.728097
-12.764510
-6.990628
16.622614
-0.935680
-3.336238
7.388434
-0.583449
-11.307258
-16.906948
-7.168454
-1.420733
-6.002750
-4.978738
-14.200249
11.911507
61.880619
4.295293
-7.062429
-17.984975
8.992647
-19.148346
-15.974817
-8.253650
7.051025
1.651721
0.670220
-14.612895
-11.881674
2.910502
-3.451036
3.102610
-9.016123
6.758805
-2.486249
3.897340
-0.022343
-20.259635
-8.512194
-11.852843
-10.357362
-7.371089
-5.306788
18.702271
-0.361064
12.587753
2.751428
-4.988676
2.878648
2.089277
4.042106
-5.161188
5.193022
61.039880
6.396155
-20.587305
-11.773633
-2.600794
-11.754586
-27.184162
-7.939866
-21.527098
-14.311882
-7.288385
-30.180283
14.612717
-14.157794
-3.903252
-14.959718
-16.919010
-14.728951
-29.719221
1.899751
-45.184641
-4.299161
-22.881282
-6.650749
4.452534
-38.869709
-6.412006
-7.620187
-5.357450
-8.495120
-38.751773
-3.193341
-2.344729
-35.147260
-19.504798
-6.966481
-0.785501
-20.220864
-10.818694
6.277417
-6.564699
25.653453
12.159031
-3.318235
-6.342977
-26.465820
-5.147109
-51.693658
-1.183409
6.985365
9.845970
-25.168934
-9.167507
-0.233558
-5.738724
0.953819
-3.672247
39.716718
-2.188576
2.383580
13.974217
-14.970334
5.459694
1.117818
9.321766
24.548952
-6.716775
-3.441244
-9.814571
-6.166204
-4.227134
-16.578416
22.049232
-0.544449
-10.953403
0.260016
-4.191948
4.452586
-8.981332
-7.037494
-4.318198
-3.309986
-21.887148
4.318805
8.589638
-0.153083
10.300545
7.081161
5.146163
-28.230124
5.329041
-5.044940
-0.870511
-4.028910
-11.630531
-8.554351
2.142327
-4.028637
-4.997903
-15.473072
24.176456
-0.808884
-9.341397
4.163971
-4.065399
-30.826810
-7.461634
-21.706693
3.686483
-28.758568
-9.489827
-2.159165
-2.415472
7.090130
-11.416816
-4.514490
3.296145
-6.426515
-5.327792
-9.404357
-12.939643
-24.063341
-12.224805
-5.470953
37.582116
-23.665410
-6.482293
-0.297996
1.086084
-4.100658
-3.310614
13.282682
18.987490
-10.119164
-10.023614
26.630067
5.248474
-0.915022
16.862621
-6.957657
-9.817989
-7.753631
-24.574112
-27.698320
-14.104977
10.498698
20.269296
-16.141098
-21.971074
34.976559
-3.763448
2.093202
-6.797113
-24.491224
-12.302774
-8.040465
-12.406210
-23.893666
22.747767
1.561211
-12.744038
19.539302
-1.912916
-0.175540
-12.035702
-7.257600
-2.321822
3.792793
2.797651
4.679345
-9.283385
-22.864206
-40.143381
-10.944203
-13.079298
-12.716005
-3.436081
-13.086387
34.058020
15.322297
-36.308125
-4.940068
-28.395131
-18.391335
-1.204274
1.069722
-16.709848
-8.622498
-4.411727
-5.813048
10.320371
-4.680157
-8.187568
-1.953628
-10.696772
-10.829547
-32.178218
18.208757
-7.661140
-14.515392
2.843017
-2.828385
-1.604434
-10.647513
-5.630392
-12.764870
-12.271355
6.321431
-3.815175
-11.543165
-1.119867
-7.110967
0.406692
-13.530520
6.904916
10.082851
-6.778218
-28.701813
4.615921
-21.639366
-5.131977
-4.023611
-8.922517
-11.393956
-16.157777
-34.707413
-3.420096
-9.345535
-4.610785
-4.094131
-3.337646
3.283048
0.064738
-42.035968
-22.819048
-6.751888
-10.441020
-6.746596
0.112424
-7.222356
3.808129
16.249943
-4.345506
14.150623
3.868564
9.997286
-5.175747
-0.081078
-1.083140
-7.806781
-1.455345
-0.004898
-4.643829
11.114719
9.169179
-14.150670
15.623928
-12.488485
2.714781
-17.590023
-25.662860
42.892121
8.653226
-1.553526
3.489096
-0.915972
-1.630550
21.960927
-24.069676
2.229791
19.049224
1.658228
-22.013886
-28.807349
-2.316542
5.170655
-5.281815
9.462469
-2.663915
2.598860
1.569722
-13.438663
-5.682409
-9.017834
-3.880522
-17.431979
4.777544
-6.878412
-6.727705
-6.364327
8.372982
-2.170659
-19.732145
40.630025
-11.885046
0.199296
-16.098320
-42.374798
-8.854453
-11.947768
-4.899505
-1.015404
15.958193
-18.504982
-5.813439
-2.546971
11.899950
-6.643499
-5.289180
-13.663550
-9.276941
-13.342016
-10.287989
13.456989
-1.453794
-11.897325
-73.967766
6.123766
-3.278612
-20.118087
0.851468
-34.705494
22.149628
-7.691042
-35.466623
-26.790881
-0.179305
8.389149
0.174369
-5.682143
2.841066
-11.153317
-31.751291
-18.213140
-9.185926
-26.365457
3.119134
-4.643191
-11.142754
-27.598272
-19.597546
-23.489376
-2.381035
-9.173075
-8.576347
-6.157133
-32.621280
-7.278095
-20.814570
0.832050
15.305373
2.757070
-11.954024
4.357724
-0.365205
-0.964524
0.848544
11.276781
-0.428905
14.688252
5.083298
0.252800
-6.088096
-15.722865
-9.615051
-2.468722
3.334960
25.286063
-68.346525
-7.994553
7.153484
-31.555828
19.138763
-0.043645
-4.109165
-15.246807
-8.585886
18.576570
-40.159583
-5.816604
-19.349875
-4.873952
5.721960
3.158006
-12.513673
-9.255751
9.472827
-16.353767
19.092285
5.274821
-11.044567
-8.127177
-2.143708
-5.813082
4.051499
-6.592879
-11.225191
-4.084476
-6.130163
-7.041668
-8.899756
-19.095822
-8.410358
-16.186526
-9.860920
-17.823749
-5.623407
1.576220
-7.382515
55.962586
-0.766366
0.689871
-9.736500
3.941111
11.279676
-39.769657
-7.377437
-17.599497
-15.187321
-11.312050
13.099889
-21.933039
-13.867434
-18.028695
-9.308722
-4.245232
-15.304025
-14.997005
9.254971
-16.301603
-8.388855
-2.302492
-12.482319
-8.923622
3.520006
9.556369
0.932777
4.433172
20.569320
-2.210709
13.320017
-1.945405
-1.585075
-39.641701
-4.090016
-2.177208
2.521955
-1.853692
7.290648
4.879393
-15.462398
-23.794088
-29.629776
2.253639
-7.912326
-13.478296
17.208150
-5.843580
-5.565223
-4.345428
-1.743355
-2.418614
-1.103297
-20.079293
-1.827501
-0.238353
-4.365292
4.524811
9.571018
17.344040
11.325451
9.080196
-4.088297
-4.494949
-10.964868
-24.610103
-10.634634
1.662900
-1.996791
-24.431037
5.303348
-14.304139
-19.011304
1.065779
-17.777073
47.643104
13.656901
-14.232386
-10.976486
34.469094
-6.332360
-11.179695
-8.050019
19.477874
-0.450240
0.190947
-4.523486
-29.241630
41.310734
-15.204822
-6.853177
-16.276114
-3.671300
-18.397915
-8.144868
-31.325495
-5.518547
-14.355427
-7.853618
-18.394507
0.309210
6.341455
-42.329977
-2.108101
-20.176579
-2.115208
2.239152
-11.300650
2.033760
-10.955547
-8.424973
7.380252
1.563123
-6.580240
2.407282
1.706115
-22.529455
12.357171
25.921090
-9.750161
-29.696226
3.876070
12.889645
-6.329896
-17.655799
-1.715523
-5.981333
5.874045
1.408921
-4.434660
-4.224633
-7.478113
-18.494854
-8.390369
-27.705129
-32.678440
-0.499298
20.845909
-2.311958
-7.603012
-5.094274
-11.886381
3.417611
-8.137812
12.884334
3.826369
-0.346344
-3.941954
-3.403889
29.964813
-22.055650
-6.085344
-1.832787
-3.548221
15.910858
-4.763435
3.318698
-5.640427
1.458819
-1.270524
4.510126
-0.456005
6.784894
-23.800925
-9.619346
-1.526817
0.573351
-2.520074
-6.559112
10.100229
1.295763
-10.623370
-10.422841
-43.121209
-7.137822
-3.737525
-11.710548
-1.346735
11.836513
1.172639
-15.895859
0.728897
-2.601174
-14.057250
-13.957507
-6.634697
-8.076872
-7.545954
-4.369503
-2.998836
17.333571
-1.685375
16.644364
-21.147867
-13.742518
1.075311
-5.014462
-15.215306
-9.806508
3.627726
2.929534
7.585494
-5.372227
-8.123585
-8.617054
-23.094786
2.593492
-5.624064
21.734793
6.464870
5.458306
-16.140119
-15.374225
-24.668287
-7.059553
11.443778
-12.743140
16.159522
-4.159663
-4.411912
-6.362803
-4.613079
-25.428989
8.348381
-11.251176
6.222298
-5.860156
-10.518443
-11.750650
-9.029096
-9.377396
-7.006172
-2.545159
-1.383457
-14.134662
21.579889
4.565757
0.828766
10.425082
-31.468072
10.525403
20.663055
4.280710
-37.857271
18.544871
-20.746584
-18.421481
-15.144719
-50.258787
-6.414662
-5.454379
1.981104
-8.747760
17.425782
-13.008157
-5.685041
-17.088433
-7.972021
-13.123328
-19.480458
-6.397656
2.041345
26.985618
16.390455
-16.133472
-15.784159
-12.427482
-2.169624
-6.234551
-4.196965
-16.689715
0.012928
3.405350
-9.341656
-0.552734
-6.670432
-3.273281
-16.402007
2.831615
2.639028
3.237560
25.255253
5.531015
-1.759178
3.726386
4.055804
6.724428
-7.190895
4.900189
-31.101678
-32.295304
-12.674070
0.649484
-10.435433
-28.154845
5.800757
-19.154727
-1.318879
29.532715
1.008342
-17.470247
11.284579
-3.743385
-17.872962
-19.483056
4.426774
6.163915
-13.862481
-20.986284
-22.132127
-22.081714
-1.522168
-8.984963
-0.546885
-7.076489
-7.875793
36.103231
-4.272749
6.571782
-29.569000
-33.271742
-14.464903
-17.332152
-26.842050
-11.283255
-4.013135
-15.442370
-6.263815
-23.121168
-10.851915
25.653220
-9.862738
3.595436
-9.397700
-24.185986
1.145234
-7.065158
7.637318
-2.780129
-6.371582
-35.740267
-32.635719
10.431371
-15.541707
-9.379083
2.354393
-22.385583
12.628299
-9.700560
5.816395
-24.783985
1.398229
-9.130971
-31.857034
-0.986367
-10.640013
-8.453748
3.988104
-26.357931
-10.011257
3.511605
-8.990314
-15.193131
-5.362621
-9.117606
-16.480120
-8.003245
8.015507
-11.300391
23.131815
15.560792
-30.533899
-21.784745
0.687332
14.310950
-8.576980
-10.683406
-8.559171
12.773165
-3.193414
20.989174
-5.600399
-4.086170
16.722844
-3.713159
-1.532703
-15.918944
-0.240713
-8.402912
-3.947596
10.053572
0.661424
45.642867
1.642212
8.586295
11.002544
-22.207412
-2.857758
2.710988
-0.674135
-4.332326
14.010993
-4.644257
-0.773613
-14.868842
-11.343783
2.562988
-9.757270
-23.590251
-7.301037
7.810853
-2.877314
-12.905488
16.374112
5.257143
-10.277338
12.130616
-4.660315
-26.891242
-10.719186
-5.577473
-6.191498
-7.972664
6.268476
-11.059681
-6.993922
4.294251
-9.909139
-2.179129
-20.624381
-10.817192
2.495016
-1.052495
-2.201494
-7.309233
-0.666117
-49.497575
-13.893717
-13.342019
-8.963941
-5.262332
