5000
4.718896
6.123361
-0.199022
7.007825
4.529944
4.398247
4.997462
1.224822
3.771770
4.942262
3.097959
5.035819
8.630425
3.610069
7.295441
4.730356
5.035614
4.441543
6.599140
5.257249
5.291707
3.958617
6.749861
0.952629
4.936303
5.816912
4.243068
4.918098
7.841794
5.239266
6.651929
3.336687
5.639492
4.930023
4.603512
4.268213
8.457724
5.213103
4.597450
4.291589
4.628326
4.203221
4.807733
4.172943
3.300970
1.438077
4.162287
4.171595
6.960444
5.107534
4.875662
5.188413
5.059477
4.652225
4.351748
3.048776
6.190460
5.624717
4.635516
6.040338
5.004936
5.250653
3.823484
4.407815
3.747370
4.794425
3.523744
6.989276
4.300260
4.396474
4.910285
5.329468
6.820625
4.563250
7.777210
5.022479
5.215892
5.667354
5.841574
3.948692
6.093131
4.879072
4.736663
6.459343
3.811306
6.909379
4.033323
5.944440
6.157715
4.375569
4.507675
4.328059
5.014682
6.467191
2.741401
6.520209
4.204195
5.596337
0.911046
3.995255
3.909680
3.644989
5.685633
1.149604
4.515792
2.390454
3.900221
6.624391
3.364085
7.172810
5.662336
5.212778
4.452233
6.014372
5.499498
4.006203
4.915108
4.231315
4.662528
5.429889
5.421126
6.025803
3.962238
4.960587
5.702345
6.734272
5.128753
4.530519
5.156188
6.919661
3.734170
4.515585
3.433806
5.816875
5.347482
5.562086
5.102407
4.311470
7.143394
4.675640
5.024292
4.946410
5.552368
5.958534
5.348786
5.768915
5.188888
5.301848
4.577349
5.062920
4.015482
6.865369
4.058545
5.158891
6.941591
4.811855
4.074650
4.612959
5.175853
1.767919
5.421922
6.156976
3.089766
7.432539
5.069994
4.855220
-0.284934
6.236258
7.391432
2.044075
6.531207
2.678520
6.856380
5.356731
4.082684
7.712274
4.298705
2.934194
5.473887
4.761787
5.156762
6.122716
5.142961
5.484531
4.048972
5.808005
-2.520199
4.948118
4.597053
4.468072
4.399435
5.969611
6.910021
3.063269
5.386902
2.551314
4.611330
7.814866
6.616728
8.188150
5.884605
4.983826
3.983085
3.440458
4.887944
4.875253
4.124732
5.053315
5.223733
3.560814
4.086820
6.332728
5.476102
3.161767
12.209870
5.278169
4.530012
3.988559
4.528047
3.651321
5.487362
4.243064
4.266196
5.014123
5.742198
4.618614
5.028931
4.806607
6.448057
4.129089
4.281080
4.788512
6.911585
1.586351
5.047269
-0.639476
5.992212
4.825058
5.804269
2.778018
4.478667
7.481176
6.956294
5.477029
5.346078
5.021816
5.220047
4.104200
5.023799
7.422936
3.931689
5.038743
3.606324
6.396424
6.053002
4.140941
5.069998
4.586303
5.180570
5.842506
3.753812
3.261218
5.454244
5.042669
5.968874
5.116048
6.619975
6.517787
3.082373
5.047340
5.062995
5.291972
5.004180
4.768382
4.497540
5.225979
6.859186
6.160829
5.453139
0.563042
2.667258
4.282013
4.347348
5.421162
5.535969
2.100637
5.672843
7.704503
5.075832
5.386003
5.563353
3.753115
4.881296
4.143490
4.307090
4.509818
5.390843
5.084434
4.839263
4.145268
5.839948
5.542031
6.059330
4.285582
1.037451
5.521967
3.688099
4.425030
5.598180
5.244314
6.238574
5.594913
5.038999
5.352490
6.477469
2.029442
5.948230
5.340090
3.673968
5.560542
4.969495
5.568901
6.072685
9.595816
4.791101
4.764947
4.915965
7.266532
3.205331
5.856537
4.914846
6.502158
4.737847
6.519211
4.047442
5.511954
6.611477
2.008042
4.854704
4.888570
4.708082
5.234926
8.100620
3.028662
3.225562
7.340269
6.364218
4.686311
4.748625
5.012134
5.087917
4.924096
3.584999
5.028351
8.113338
2.126621
5.836194
6.869768
5.367530
5.340210
3.802753
9.223752
3.339342
5.112255
4.755032
2.810140
6.926546
4.259445
7.091201
2.446873
6.237879
3.018644
6.914056
4.799221
2.729444
5.751323
5.013721
5.134237
3.848375
6.048358
3.315498
2.887601
5.525927
5.035587
4.319617
10.373933
4.603466
5.001425
5.505831
4.857751
2.960252
6.106473
1.545669
5.173717
5.515063
5.014734
3.915867
9.697826
4.682078
5.234543
4.955565
5.104877
5.369165
5.774006
3.807395
4.551913
3.497453
5.569864
4.672259
4.809589
3.730284
5.308886
5.122733
4.129152
4.214522
4.881342
1.683728
5.477160
3.687498
2.658171
5.009648
7.076636
5.615870
4.515516
4.250024
4.968109
4.152253
6.425883
5.852200
5.444035
3.485300
4.064794
4.754192
5.108325
2.744071
5.160101
5.311309
6.826181
5.401039
4.281522
5.186707
5.458347
4.906942
4.215406
5.213540
5.263113
3.022175
7.232684
0.589758
7.271542
4.924216
4.609084
2.583100
3.527132
4.771186
4.276218
4.320416
6.034451
3.244291
5.014851
5.612301
3.747938
7.693763
5.554896
4.924874
6.163047
3.979188
3.103076
5.934144
6.628163
3.863677
5.064142
6.033771
2.855712
5.251311
4.853902
4.251615
5.246864
5.170759
5.069760
5.104549
4.752649
5.345179
7.121069
2.715752
4.704201
4.671735
4.680406
5.032459
4.386627
6.340134
5.973485
6.832517
3.235170
1.543719
6.639516
6.238674
4.215254
5.678255
6.029535
3.677968
5.079002
4.707585
4.041865
7.289595
3.323502
5.537001
5.112188
4.443691
2.349404
4.340236
5.190241
4.222052
8.103674
6.207752
4.787270
4.716180
6.493989
4.999970
4.814416
4.375649
6.626036
5.099972
3.807552
4.743500
5.449315
4.691246
6.264327
5.916868
4.151298
5.718906
4.728591
5.301423
2.350560
6.086851
5.707663
4.697170
6.846117
5.045454
4.831724
4.570008
5.625219
3.091867
5.300068
5.458904
3.693924
3.813370
2.904614
4.278313
2.315095
4.254082
2.246912
6.586789
1.876919
4.439274
5.820357
9.837345
1.913336
4.001851
5.344251
4.720949
4.689972
5.362495
5.915029
5.134769
5.386613
4.837646
3.894837
3.014175
4.945444
4.110025
4.740637
4.392388
4.963399
4.314135
5.466081
4.723383
4.648687
5.081345
4.942077
5.512625
7.100561
7.471128
4.593060
4.422181
4.538529
3.842879
5.150914
5.811774
4.164646
5.913543
2.688908
0.073936
5.600797
5.038545
5.404523
6.819473
5.614097
8.120377
2.506230
5.976050
6.235855
4.054283
7.510911
5.852839
2.549497
5.813072
5.123766
4.814550
5.112492
4.193284
5.061088
4.966670
1.071998
5.773514
5.424125
5.306200
5.072093
4.902852
4.873415
8.276491
5.977657
6.566760
5.608432
4.255934
5.744955
6.111679
6.039804
4.889516
4.311355
3.224166
6.326239
4.874516
5.764923
5.604823
5.869584
4.009705
4.534588
6.707475
5.097415
4.925824
3.618211
5.301587
2.900699
4.625977
5.405386
5.070695
9.587034
5.624040
3.084167
5.326161
7.566568
5.160234
5.177306
5.155705
4.909087
5.000368
5.068783
3.069240
6.756427
4.392081
5.070908
4.534433
6.808638
7.538094
6.409271
3.773590
6.271671
5.579292
5.993589
3.632766
5.467472
2.519891
4.303699
5.997413
1.830209
5.314354
3.941793
6.870471
5.249324
4.818320
5.744496
5.013681
5.498650
4.963031
6.280404
1.552761
3.556619
5.465386
4.898272
4.417923
4.340150
4.682815
8.223681
6.248834
4.674788
5.771881
6.364958
8.600446
7.072437
5.399729
5.050062
3.184136
5.652184
5.625880
4.299196
2.664956
4.599749
4.730238
4.100229
4.919622
3.220670
5.874725
3.907245
3.804710
5.110617
5.847263
5.755755
6.398040
1.099996
6.474414
6.170355
4.215781
4.878147
3.975460
5.038285
4.678242
0.677045
4.704406
3.493505
4.960098
7.353858
8.037755
4.946762
5.969532
6.069190
7.805868
4.455706
5.200357
4.553707
4.688422
6.734445
5.826494
1.544904
6.473772
5.152358
5.308227
6.114040
4.250021
5.955446
5.322584
4.994476
4.991404
4.549017
5.966508
5.897176
4.080374
5.847537
5.613122
5.564684
4.675085
5.210182
4.849477
10.528458
4.551356
0.583179
4.209071
4.907052
5.651690
5.919121
7.920419
4.424163
5.411783
5.345287
6.044017
5.168542
8.778624
4.641493
4.214106
6.778557
5.133787
6.294094
4.059572
4.596987
5.821652
4.784315
6.210178
7.010468
3.130173
3.954166
5.068578
9.381238
5.325223
5.795418
2.704218
8.877735
11.793628
4.717348
5.208618
5.176870
7.194280
5.494767
5.668881
3.922420
4.646564
5.291496
7.233966
4.300016
4.540023
5.968885
6.105647
6.005308
5.391287
4.963155
3.302359
5.257484
5.680837
4.022090
4.581369
7.311880
5.409555
5.209516
3.576740
5.261264
2.607803
6.686596
5.740994
5.873914
4.042444
3.606396
5.348333
3.638587
7.557726
5.175344
4.936311
4.636276
7.862037
3.202759
7.308214
5.898562
4.704067
7.326928
5.001051
5.701456
6.192714
4.766691
4.922624
5.536521
2.642201
3.422973
4.949933
4.767436
2.640478
5.466825
5.143155
6.539552
5.821752
4.765318
4.254519
4.859221
4.942054
6.258492
4.436227
5.357174
4.259500
6.489940
5.334319
4.791718
4.739215
5.761667
5.707786
3.539023
4.694379
5.848676
2.880870
3.816504
5.412738
6.232488
4.570274
5.852203
3.902447
6.298391
5.502418
4.175745
5.973383
4.552345
5.326944
4.887458
6.185084
4.885420
4.337779
6.999324
2.963212
5.118642
4.727680
4.683328
4.598914
5.890536
5.654966
5.574255
4.354514
6.093860
5.464605
3.938353
5.883764
5.873560
4.338404
4.057815
5.956197
4.371102
5.168155
4.168165
5.369161
6.371884
4.840829
4.129275
3.458461
6.130490
5.321322
6.326014
4.351487
4.345037
6.203903
5.330968
7.420484
3.495398
3.020160
6.358631
4.405614
5.276373
4.183851
4.271236
4.995668
4.523172
5.365726
5.907320
5.329014
8.062294
7.866981
3.223117
6.288566
4.458780
5.027524
7.558679
7.718450
6.066432
5.487181
6.082812
5.056562
5.254882
4.108708
5.889582
4.802546
3.281135
3.752501
6.291909
7.552692
2.888035
4.152193
4.851256
1.499562
4.615891
3.820882
5.734049
3.436253
5.088766
4.797039
6.016009
5.277711
4.611797
4.096053
4.466435
4.792729
6.198044
5.988151
4.665254
6.040129
4.769439
4.774176
3.591979
8.057447
4.916688
6.310847
0.078083
3.678605
4.129395
2.684830
5.504073
7.207031
5.017547
3.852924
6.961655
4.954980
4.676549
6.825469
5.887307
5.101528
4.872444
5.938907
5.870860
4.880929
6.328392
2.516182
4.486012
3.988959
4.507072
4.309486
5.115241
0.399287
5.108629
4.720292
5.209915
3.142344
5.460422
4.632136
6.892200
2.704109
4.604198
2.140967
5.316473
3.908483
5.369800
4.193661
4.919063
3.877431
5.521518
6.583015
5.693939
5.134212
5.314772
3.437017
3.630943
4.289898
3.978820
3.358355
3.565199
6.059585
2.691249
5.684452
4.565180
4.211275
5.578435
4.955209
4.729359
7.931953
5.559673
5.667343
4.118667
4.033512
6.946132
4.745018
4.907950
4.213353
6.456903
5.974354
9.362373
4.726203
4.306237
4.935663
4.883444
5.012138
5.357410
2.055974
6.404186
4.377576
6.368516
4.936637
8.322785
5.102710
4.842382
5.325367
3.658547
4.976047
5.237588
3.733616
4.803984
4.533804
4.853982
6.110111
4.748330
5.271699
3.692895
4.719302
6.411004
4.659602
5.248819
4.603897
1.039213
6.598060
3.864981
5.930846
5.763320
5.694640
7.737025
5.930816
4.349779
2.747858
5.713742
4.842916
4.609940
5.124935
7.288951
4.285602
5.145019
5.704541
6.319335
5.330218
5.785062
6.019339
2.962712
5.110788
5.478935
4.734576
6.751900
4.291465
3.526470
7.431856
4.810416
6.152380
4.981076
4.774045
2.673725
4.810589
4.577846
4.001539
0.302054
3.806828
-0.935959
6.952147
4.784425
3.055387
5.028961
1.704824
2.001527
3.196236
6.460477
5.789357
4.057291
5.213290
5.625469
4.769268
5.016900
3.299405
6.080669
3.314442
5.533887
5.101560
6.031365
5.730094
4.712977
5.368622
3.706300
6.228695
4.775820
4.968824
5.036254
5.983783
6.883476
5.943427
8.438736
6.760508
5.543936
4.111158
5.550237
2.075261
6.189741
2.880571
3.838714
5.210618
4.880283
4.770377
6.098444
4.146996
4.884980
5.091977
8.022744
5.408110
5.731761
6.270028
2.993524
5.067526
5.241756
4.971132
4.522562
6.767330
6.824998
5.573490
4.547855
5.127245
4.761465
4.788645
2.812292
3.317220
5.116837
6.847460
4.139597
5.847883
6.918918
5.379076
5.225447
7.074392
4.735951
5.486864
4.716271
3.770456
2.736145
4.952417
4.814852
4.932790
4.400214
2.825394
5.221640
4.672902
3.424052
2.879469
7.281681
4.226384
6.109730
4.568184
3.162253
5.597342
6.610985
6.413246
4.284545
5.691300
4.682259
4.618615
3.421361
5.209973
3.577610
5.472898
5.655424
4.514882
6.675267
3.820765
3.235285
3.543466
5.032517
5.683766
5.943242
4.621550
6.598279
5.439952
3.921901
4.483437
5.762215
5.124604
4.347183
4.672045
4.640316
5.573104
3.075126
5.138237
5.990531
8.004332
4.445390
5.226740
7.296580
5.598306
2.737950
4.094532
5.947144
4.038522
4.474626
5.373325
4.935846
4.931420
5.359398
4.915334
8.597579
2.945629
6.276544
6.616297
4.722450
6.916328
6.359343
1.858398
5.109863
10.089014
9.480082
5.516725
4.675105
3.048026
5.764306
6.344474
4.533445
3.688932
2.013419
4.162960
5.581982
6.099948
9.826602
4.218162
2.889213
6.919919
5.547836
6.203651
4.895924
7.022936
7.129819
4.545770
5.550939
4.881719
3.724655
4.435060
4.718031
4.361733
5.865695
4.951305
5.958924
3.817451
3.220396
3.313440
5.120017
2.536065
5.117908
5.160860
4.213177
6.636936
6.546179
4.962249
5.152123
5.345478
5.280003
5.482117
4.947634
4.949936
6.628472
6.314803
5.203526
5.043456
5.825905
6.390351
7.671263
8.149031
5.223031
4.667167
4.003400
4.780576
4.590764
5.043985
5.347278
5.693526
4.441808
4.255199
4.880468
5.227489
6.639633
5.145353
5.005110
3.689076
3.774225
1.698421
1.882928
6.109584
4.047854
6.247480
5.745872
4.064847
4.340703
5.452825
4.488276
5.261130
5.801936
4.888440
4.480823
7.172024
6.410940
3.892699
6.790380
3.194936
4.743247
4.941711
4.982866
6.279842
4.503393
4.976229
5.563836
4.468407
2.395339
5.323982
4.576393
4.924840
4.994842
5.399005
3.193631
4.122746
4.659741
5.117313
4.663512
6.486123
7.629119
5.366990
5.015191
3.220502
4.109960
5.058286
5.107310
6.028923
5.382984
4.558586
4.673178
6.477510
5.753696
3.809607
3.839525
4.540884
6.511694
9.127591
5.200722
4.601966
3.728345
4.833401
5.076043
2.072927
5.417270
6.235301
4.986861
5.148843
5.551642
5.867244
4.658225
1.728835
4.764397
4.584206
4.018957
6.387128
4.420365
6.066067
4.640166
3.206715
2.957642
4.138558
5.136386
4.383667
4.103281
7.237156
3.741081
5.656366
5.894808
5.877294
4.957145
4.419098
5.744585
8.106695
5.269392
4.103791
2.978544
4.220626
2.437152
3.217755
3.618279
5.964308
7.231906
4.961418
4.447690
6.869749
4.730776
4.506134
4.906246
6.035269
6.459861
1.041098
4.809155
5.016417
4.398460
3.636532
4.340336
5.601455
3.338355
4.769447
7.461932
5.974985
5.933763
5.389929
4.168048
5.120736
4.983120
6.326230
4.641070
5.352239
4.851179
5.330560
4.048809
5.181117
4.413504
5.914215
5.387459
4.761592
-0.251791
5.544910
3.977248
5.899012
2.781750
5.713602
1.878943
5.125822
4.842781
3.067799
5.472488
3.490799
4.801574
4.179898
5.408014
3.756442
5.974967
4.399542
3.833683
3.442990
5.541024
5.075000
4.809491
4.808226
6.085701
6.537765
5.799052
2.060471
2.992954
4.748675
5.039461
5.063797
3.983384
6.556823
4.844362
5.839679
5.628670
5.007482
4.349175
4.535384
5.231669
5.002072
5.019281
3.957456
4.142002
4.455786
7.616727
5.441859
7.233985
5.715179
5.432524
5.100942
4.626388
6.690880
6.305925
6.131632
8.609039
6.152002
3.912307
4.013844
5.021923
6.421077
4.817221
3.844612
5.891321
5.948000
4.633881
6.534956
0.413302
1.381884
4.202720
2.120868
2.471929
2.844367
6.773481
6.496439
5.420460
5.300085
5.216467
6.260818
5.276955
0.169302
7.246543
8.416005
3.834110
4.846041
5.570500
4.172235
4.203731
6.035991
3.553188
4.756437
5.259777
6.525910
0.827386
5.113124
4.097868
3.441929
6.602575
4.672905
5.845708
5.292966
5.293586
5.263480
5.588608
5.371007
5.638933
4.019642
5.503609
6.819117
0.579448
3.901920
3.732398
4.586761
7.074882
4.619344
5.619746
4.557307
5.258826
3.778490
4.527400
4.771016
4.441683
4.232250
4.017724
5.662112
6.178365
4.902832
5.300141
4.283722
5.201512
6.897341
3.837030
4.973978
4.509723
4.669865
5.800450
5.328756
5.345763
8.262691
4.171290
7.393062
5.294767
5.774729
5.169275
6.411100
5.176189
3.516326
3.969816
5.198378
5.278783
4.003539
5.003203
5.006412
5.223665
9.200675
4.949945
4.663889
4.339395
4.205789
4.668538
6.041687
3.337711
4.169245
5.848648
10.813329
4.639388
5.659459
5.118799
6.061915
5.145774
4.236281
4.520053
4.474063
5.011790
5.276189
6.814454
5.074526
5.384295
4.795662
4.654906
4.329818
2.338813
7.118940
7.808441
4.230606
4.612141
5.046044
8.169333
2.816062
5.137037
6.245399
5.393114
3.855154
2.989020
5.478855
4.789878
5.240353
4.823399
4.182375
5.688962
5.619791
4.859384
5.452422
4.907583
6.922459
3.897785
6.909753
5.967232
4.549928
6.360297
4.743562
6.251212
6.208095
5.130650
4.967975
5.872618
5.533695
4.904740
4.339264
4.801292
5.463581
7.022719
4.163550
5.392161
5.788862
4.997882
5.706240
2.224399
3.281467
-2.974725
2.232320
5.225451
4.703574
4.794854
1.106903
4.513853
4.211691
5.011589
5.060046
4.925555
6.107003
3.947097
6.128539
4.326386
6.034173
6.215753
4.641394
2.832266
4.683317
4.945979
6.914282
4.718734
5.335161
1.903035
4.565853
4.166497
2.059759
5.721660
6.104837
7.640967
9.724885
4.696181
8.071897
4.667407
4.143552
4.586763
4.415996
6.717149
3.566108
5.189857
4.758391
4.537325
6.647051
3.148728
5.998507
5.306959
5.160737
4.280561
5.267037
6.021921
3.825421
4.152402
4.544278
4.801882
6.266949
4.695505
5.086768
5.968636
5.979220
3.669561
5.186870
3.458225
7.714009
2.815694
3.873098
3.028758
6.416383
6.625160
5.762143
7.122075
5.289692
4.638957
3.429256
5.649967
4.355171
6.405807
5.689200
5.034575
6.134318
5.016887
7.022911
7.547948
5.993676
4.934212
4.135721
5.894630
3.507017
5.146776
3.931336
5.179805
4.068785
5.599227
5.305677
4.499000
4.318404
4.125958
5.018516
6.224451
4.184169
4.240858
4.263206
5.729207
5.545561
4.967057
5.835656
7.106817
5.730582
5.620725
2.744138
4.857051
2.525793
5.211471
4.898338
5.142049
4.952461
10.125546
3.934463
1.280293
0.941215
5.131032
5.529912
4.767063
4.877449
1.563119
5.620974
4.854450
4.384511
8.471274
5.782335
4.853972
5.587230
4.943289
5.235959
1.559914
6.232381
3.172968
5.307587
7.004963
4.934591
1.093780
6.164681
4.570504
4.935441
4.864624
4.091441
5.011278
3.354496
5.053770
4.968719
5.702900
4.730202
4.036632
7.787617
5.589728
4.320713
6.642554
5.235228
4.485802
3.985554
6.235481
4.751970
8.347270
4.528275
5.229953
2.835008
7.147438
2.323404
3.892177
1.351366
2.668762
4.907293
6.364378
5.087743
0.904908
5.235791
5.424003
4.344474
5.098819
6.184473
5.073054
5.382990
4.361035
3.897896
4.659335
7.394307
3.488157
5.502851
4.303380
5.807218
6.096604
5.407955
5.526545
4.688349
6.289838
5.161021
5.996500
5.501508
3.515603
6.403754
4.886801
3.978055
4.405335
0.728270
6.140695
9.035286
3.853904
5.516543
5.135975
3.781881
5.777995
4.664688
5.323186
3.540542
3.750359
6.207713
3.391570
4.747698
4.804155
5.723194
6.159743
4.972508
5.183834
4.375638
3.591781
6.547859
7.931887
5.542086
4.721454
5.321936
5.047225
5.708685
5.691416
6.128088
4.455205
4.563469
5.455463
4.177510
4.766996
5.147623
5.529725
4.485760
5.437383
4.814085
6.088150
5.230383
5.403081
7.623266
4.193954
4.678383
4.288468
6.023881
4.275075
1.994318
3.272853
3.778694
7.860909
4.025035
4.724968
3.488844
4.565603
2.497853
5.105175
6.230189
5.108302
2.549454
5.183988
6.233268
4.446169
5.882948
4.358126
5.160901
4.716101
5.134962
4.741745
3.662698
2.187962
5.577767
6.571293
7.828467
3.568313
4.797198
5.641579
4.249687
4.131746
4.619482
5.225561
5.505537
4.873432
4.099072
4.621898
4.706273
4.837482
5.358170
4.314086
6.314715
6.115918
6.842780
5.820196
3.591537
2.856721
3.466898
4.911611
5.035801
2.948910
3.693878
4.578090
3.269191
5.200169
3.584411
2.825102
1.342909
5.075570
4.080342
6.547414
5.221607
3.069996
5.442572
5.638822
4.033283
5.734755
4.841891
6.341307
1.799344
3.715780
4.567646
4.739360
4.947134
6.237446
4.985913
5.208152
3.481875
5.069475
5.257945
5.131088
6.611849
6.273483
5.640266
6.972269
4.495258
0.214184
5.613549
6.017627
5.664451
4.161638
4.346679
5.155041
5.467266
4.576352
5.080652
4.939622
5.278655
5.714471
5.055395
4.921879
4.303578
7.071263
3.535858
3.136466
6.491528
5.620160
5.358611
7.500400
3.588296
4.552818
2.803573
4.346184
4.132010
3.144873
3.583490
6.949647
5.125223
3.482676
4.683121
4.145790
6.305908
3.333253
6.372008
3.122680
4.912067
3.109885
5.758963
6.611808
4.943999
6.536307
4.106244
4.184830
5.752325
4.945969
8.758683
5.848706
6.484279
5.292113
3.599254
4.799645
4.663542
5.243470
4.562708
5.749157
4.592411
7.803792
5.114945
5.010271
5.934047
5.021733
4.357090
7.822420
4.695306
3.839823
8.684812
5.317647
5.135372
6.273430
5.666353
5.209571
5.602778
5.139194
4.826021
5.900294
5.580181
3.133290
4.715199
5.081030
5.599733
4.863158
4.154868
5.200468
3.654144
4.092488
4.261851
3.412278
4.257964
5.826976
4.903718
3.095794
2.614222
6.968742
3.146188
5.638393
5.813951
5.359814
6.703133
4.485349
6.994583
5.957331
4.810216
3.985743
4.475091
6.250580
5.426596
5.077790
5.000935
5.446239
4.364259
4.454090
2.748344
6.234748
3.846329
7.141321
5.257116
4.917472
2.650262
3.514214
5.412499
4.783517
5.620511
5.210926
4.819172
3.595169
4.818428
6.523386
5.166399
4.883222
1.039886
6.079680
7.972234
2.552142
4.532544
3.955920
6.444221
5.279706
4.306143
5.700894
3.453239
4.931491
5.991337
5.008045
3.090519
5.416680
5.339226
6.104025
10.551526
4.462055
6.170167
5.308292
5.203625
5.177198
5.308695
4.222830
5.093428
4.366268
4.691592
1.312560
4.614722
4.432706
5.857634
3.951346
5.173457
4.810929
7.169162
5.030858
4.934258
6.814438
4.565978
5.121613
4.562000
6.614505
5.715140
4.751515
5.002324
3.851749
6.196390
4.985428
5.826615
6.203523
4.357211
4.718233
5.455451
5.413552
1.952263
2.767351
7.371773
4.755819
6.016012
5.931267
4.986266
5.565059
4.471243
4.008155
5.319134
4.382995
7.290260
3.362135
4.571254
4.280717
5.443697
3.626832
5.410871
4.779806
5.870445
5.285996
6.348981
4.544985
6.947429
7.501796
5.335947
5.065129
5.030175
5.128691
3.747894
5.513598
7.758358
3.849406
5.146200
6.784721
5.029349
7.197092
4.544427
5.852091
5.090008
4.616829
9.202390
4.749307
5.870130
7.106487
5.261697
6.158378
3.757707
5.358817
5.410690
3.250065
5.132496
5.146688
6.116333
4.640501
3.645887
5.852902
6.694826
2.637332
3.741956
3.991278
5.544317
5.570723
5.363472
5.194277
5.071561
4.965191
5.602178
4.963345
4.467660
6.626106
5.198174
5.958101
8.627583
3.915307
5.731512
6.265769
5.416805
5.580789
6.689462
5.163906
3.591039
5.099316
5.723300
5.662030
4.278792
2.800941
6.405034
3.970033
4.228621
4.473561
4.915845
4.725570
1.680042
6.616627
4.630839
5.277222
4.371313
0.968157
6.364684
4.064472
3.756235
4.558015
4.063250
2.755798
4.514494
4.197172
4.042949
3.709405
5.664437
5.685354
6.436723
5.592452
8.207697
4.887095
2.872470
2.600004
5.867252
5.012116
6.223158
5.148255
5.243559
8.119715
5.536660
4.253314
6.528860
5.351770
5.589632
4.349445
5.128161
2.601874
7.000068
9.018605
4.710783
4.287709
5.094714
5.377827
4.203972
4.291969
5.417284
3.131459
6.076584
5.346710
6.425826
4.436535
4.615532
2.294454
4.864974
4.834786
4.551246
6.675358
4.849773
4.647923
5.924502
4.709254
5.084398
4.066933
7.543977
5.876337
5.207887
5.871511
3.921598
4.671547
3.884870
6.254358
4.203748
5.874243
3.632125
5.063150
4.893058
4.343504
5.153162
5.241934
6.101910
9.895715
6.137251
5.330055
4.414863
9.786675
4.067129
5.010807
5.145079
5.544216
4.458077
4.700939
4.187145
3.829902
5.029821
5.335934
5.320913
7.117625
4.153659
4.208223
5.416931
4.600292
6.210759
6.246654
5.015134
5.611199
4.822374
5.299081
4.986425
3.650704
7.820825
5.069503
3.236696
5.265821
3.449940
4.063083
6.082348
3.417940
4.808270
4.877760
6.064283
6.634607
5.257745
5.180487
6.071142
4.888287
2.666481
5.085972
5.069305
3.264964
5.269281
4.888882
4.339905
3.993130
5.617250
6.020087
3.935795
4.816354
6.366229
4.681809
2.502810
5.405851
6.570587
4.728524
5.268511
5.693548
6.789565
6.691373
1.885702
4.278851
6.162381
6.731443
11.152862
8.777838
3.788094
7.241813
4.169166
5.045645
8.173958
4.919419
5.027443
3.856162
4.761438
4.967347
5.191107
0.989311
5.982317
4.853728
3.089940
5.008164
5.090954
5.638336
4.757473
5.272213
4.430785
5.404877
4.707407
5.922152
4.797430
3.944690
5.937444
4.910460
3.879968
5.430698
7.615780
4.808362
5.315994
6.277173
5.853930
3.513821
4.335008
7.819122
5.408561
3.921619
6.882126
4.406418
7.030218
6.726827
3.373780
5.673297
4.228816
3.985412
4.866752
5.146376
-0.643615
5.481849
4.443272
4.510167
5.356467
3.944726
6.091576
4.371561
8.174335
4.917970
5.199232
5.172746
6.363037
4.033005
4.074112
5.501762
5.327740
5.094898
4.760457
6.920023
5.350616
5.437185
2.053259
6.414744
6.860796
4.844264
5.345391
5.531612
6.989682
5.291491
4.041116
4.843147
3.726228
5.232378
5.146861
4.734993
7.357097
5.054869
5.419743
4.149028
6.217211
5.479752
7.135581
3.097974
4.959545
5.900247
6.129062
5.294662
5.301782
4.440807
3.652694
4.606635
6.995938
5.829844
8.094302
5.570541
3.667638
3.972637
8.519440
1.065102
5.153033
5.811648
4.043423
7.024992
4.836472
5.458477
5.012904
4.042660
6.324348
3.918831
4.703701
2.563899
4.458675
5.163746
6.495761
5.123975
1.087025
5.196995
3.896891
5.714686
5.121073
5.495598
6.770852
5.553947
2.571676
4.879008
6.276589
3.452050
5.029490
4.763073
3.545390
1.493142
5.649613
5.566342
4.850099
5.658648
5.598382
5.309205
5.043181
4.324721
5.578659
11.971519
4.982891
5.112719
4.830426
8.003980
4.856903
4.798005
7.080558
5.080266
5.572441
2.609211
7.436279
5.619916
3.099441
5.466442
6.121777
3.353285
3.715184
6.776510
5.600877
4.726815
4.278722
4.703875
9.358763
7.370303
2.479873
4.771481
4.290133
5.876109
4.300174
5.503110
5.859797
4.327879
2.479489
4.318795
3.232793
3.782272
5.310758
3.979280
6.131781
4.692806
5.715790
3.960196
4.106871
6.873114
3.306519
6.819837
4.427000
5.839319
2.919678
0.862486
4.458863
5.194154
3.054963
4.283989
5.444454
3.786480
6.785286
4.853590
4.160971
6.053658
10.106735
6.145975
4.598184
4.935851
5.474176
4.772961
6.043923
5.721246
6.164599
4.769549
4.352294
4.863628
6.681119
4.843263
1.608626
5.447891
5.047209
5.837806
5.550371
4.185896
5.841757
6.493605
5.207151
7.840262
4.851774
4.235668
6.886603
4.512435
5.822659
7.175746
4.785528
4.944886
5.204762
5.301184
5.278305
3.601006
5.087098
8.412163
5.922492
6.197017
4.458427
5.957377
8.007615
5.723838
5.316536
5.755534
5.114409
4.935350
4.970095
0.670737
5.205354
-2.619925
4.675033
4.524882
4.415358
3.013724
3.529463
6.518806
4.569478
4.620469
2.928460
7.111193
4.135247
3.808090
4.336645
1.900988
7.286107
5.434186
3.695829
4.707762
5.255122
4.253199
3.903222
5.374245
4.662588
4.576655
5.049152
5.528133
5.033684
6.244905
5.355051
0.950808
4.899878
4.278255
3.588418
3.521911
3.642178
5.990592
3.067539
3.910157
4.573130
6.496312
4.882718
6.047760
6.964702
5.723514
5.306002
4.698788
2.778953
4.950345
4.969958
9.016963
4.683090
5.824293
5.092374
5.059239
2.792646
6.822287
5.119215
5.098930
4.208102
5.317055
6.031739
2.827779
4.773063
5.110152
1.250482
5.040494
4.451404
8.101150
4.586450
6.477711
3.885452
5.122369
5.868953
5.388007
4.712254
7.212574
4.880246
9.049818
3.439219
2.684649
4.095028
7.793505
3.924575
4.928502
4.585438
4.792473
4.009182
3.577363
5.036662
1.869403
4.992257
6.279156
5.595810
6.831054
5.804578
8.834944
5.717847
5.353293
4.885276
6.312764
5.050027
5.207096
5.517335
8.702574
4.021718
2.775890
5.105869
7.088944
5.143632
5.537524
3.707948
5.229338
3.933808
4.022904
6.132912
5.333838
4.791965
8.150209
6.254103
5.202156
4.389771
7.905488
5.585632
5.049203
4.522544
4.147162
6.233840
3.475487
5.005080
6.649064
4.128175
7.223864
4.392076
1.344569
4.925275
4.117637
7.940426
4.968932
5.142766
5.114123
6.098059
5.531680
5.186991
3.552356
6.403890
6.849130
4.372739
5.367535
2.574217
3.034558
4.993832
5.461487
4.631200
4.899162
3.910219
5.715919
6.410455
5.488683
5.226558
5.080936
4.397033
5.181647
4.881017
5.625923
4.240310
4.070863
6.442259
3.193662
5.543372
6.973151
5.630182
5.632888
3.743440
5.053115
4.824913
4.768565
5.993067
4.334567
5.339072
3.388330
5.405106
6.181853
5.148641
5.397359
3.767301
4.726508
8.501884
4.000949
4.154824
4.606592
4.632781
5.007735
5.381519
4.315993
4.309213
4.009955
7.386560
5.229743
5.674471
4.623518
3.574614
4.340583
6.665142
3.494240
6.644627
3.976644
4.387654
4.144102
3.050757
9.110733
5.187102
5.338127
5.896283
6.424483
5.225695
4.570949
4.509927
4.622962
5.674940
4.852426
5.966261
6.486594
4.242921
6.263739
4.836718
4.733326
4.534486
5.578062
4.562273
5.458441
4.583319
5.769829
5.051741
5.295446
2.153185
5.947465
5.719181
-0.292088
7.137586
7.771484
1.550335
2.663635
3.904260
4.519293
4.409872
5.127444
5.341499
2.349055
5.409950
2.867672
5.151559
1.985301
4.670204
2.411389
3.543451
5.308368
5.944926
4.158462
6.108697
5.904744
4.779186
4.840614
6.354834
4.676692
4.344963
4.835186
4.944898
5.950321
6.042695
5.414614
5.607272
4.565502
5.154236
5.488536
4.998866
12.131923
5.531365
5.116823
5.319858
3.685475
8.383800
4.639242
6.039547
6.091339
3.613328
5.282518
3.147031
5.323485
4.977867
5.507694
3.474920
4.022949
5.787144
4.990826
4.174704
5.536088
6.086197
5.846255
3.896129
5.423257
3.977606
4.182038
4.841798
5.445528
6.139854
4.956639
5.650357
10.561379
5.266856
6.727681
4.603967
4.723093
5.033587
2.992669
5.852717
3.449707
6.158692
3.788806
5.536666
6.759830
4.463177
3.228638
4.633623
5.715211
7.401910
6.363848
2.535538
6.073923
4.619078
6.721325
4.279664
5.072135
5.528235
5.691667
5.095141
4.989478
8.205403
1.511798
5.638841
5.039711
3.050066
5.231633
5.192392
5.080442
4.872954
4.233162
5.695423
3.209180
5.360914
5.667145
4.478188
3.297931
5.746951
4.866178
5.153227
5.389657
-0.465258
6.492216
1.900327
6.511242
5.797874
5.348705
6.389293
4.832780
4.183584
5.736621
6.163781
6.342179
5.085822
4.669993
3.804495
5.127178
5.027716
8.244981
5.735812
5.502827
5.955397
5.079313
4.786832
5.291181
5.771046
2.787556
6.095220
5.325382
5.908743
5.773867
1.256860
4.491655
4.732789
5.510833
1.816976
4.782250
5.101880
4.690572
5.336701
5.037236
1.387978
4.997868
6.981319
-1.243075
5.194536
3.419097
3.866866
3.913064
4.486113
5.470986
4.564751
4.469092
5.068990
4.917104
3.574325
5.005090
3.324210
3.613338
3.196110
3.770075
3.849400
4.953839
4.793669
5.755958
5.640045
4.896854
4.783012
3.140173
5.860028
5.929472
5.405762
4.760234
5.953042
4.749168
5.567347
5.787226
4.262318
6.943170
3.097881
5.073106
4.472367
6.386381
5.010894
6.030044
4.009934
-1.912005
5.487352
6.021250
6.714647
2.939159
6.335643
4.437363
6.849629
3.032830
5.187143
3.349886
6.171264
4.861113
6.380002
5.999345
5.304060
5.129633
4.175542
5.321193
4.691564
3.480969
2.311120
5.741494
5.252271
4.903075
4.202007
5.539240
6.758301
5.006584
4.964085
6.495704
5.498433
5.872009
5.270106
4.988128
4.829263
4.873794
4.845415
5.473331
5.629425
3.305544
4.524896
2.278351
4.245462
4.006762
6.478141
6.385386
4.494235
5.706652
3.853689
5.885927
6.059906
5.660721
3.969414
5.533564
2.510791
4.626625
5.198823
5.238558
3.663744
3.101799
5.795939
5.338288
6.656114
8.122764
3.815539
5.943298
4.682095
3.757107
6.392919
3.783170
4.277477
7.453236
7.804880
5.438350
4.881480
3.669334
6.071469
4.381364
0.684409
3.665330
4.334442
3.361586
5.526466
7.878155
3.201355
5.113283
6.058766
7.512610
7.387921
4.424900
6.305141
4.940511
4.646016
4.595744
5.447834
5.350450
5.522885
4.709512
3.780803
3.319580
3.953011
-2.057607
4.787750
1.875861
4.080938
5.349382
5.175458
5.289139
4.011574
6.067915
4.874520
4.646347
0.654064
4.042164
5.060883
5.742404
5.559965
5.187485
5.800273
5.572201
3.836400
4.203669
5.306340
3.802444
4.975200
5.412138
4.865446
5.141564
6.972135
5.493732
6.035371
8.251624
5.683710
5.026051
6.028055
4.687443
5.078033
5.073570
7.151337
1.561450
5.263320
4.837572
5.636179
6.147214
4.645971
4.579022
5.384371
6.382406
5.463541
4.717789
4.084323
4.141569
5.170347
4.678167
3.122109
7.502022
6.627136
5.201029
5.362332
3.994512
4.103663
5.257256
4.054118
4.367561
5.859975
4.481808
5.400344
5.122192
4.859039
3.744919
5.034359
3.107869
5.715082
5.057752
4.624696
6.557546
-0.153525
6.564139
6.998209
5.475594
6.239654
4.571094
4.141681
4.461854
6.824525
5.311678
5.336099
5.710968
3.023759
6.004432
4.796776
4.165844
4.059393
5.462553
4.989786
4.028483
1.394498
4.570068
5.023175
4.096344
1.963058
5.927969
7.261727
5.717992
1.302355
4.243756
4.040769
7.592322
5.945292
5.035777
5.880889
2.272757
5.427810
4.842650
5.763883
4.745432
5.571124
3.828039
4.508389
4.943969
2.761111
3.650537
5.241832
3.982890
5.768709
5.234354
7.361763
5.584225
4.375933
2.068928
5.375586
0.952203
6.593914
4.954902
5.867277
6.051511
7.839598
4.193934
5.918388
5.006503
3.432747
4.689912
5.308857
4.205893
4.720847
5.072471
7.257271
4.682588
2.940465
5.918712
4.525465
6.199345
3.865803
3.665741
2.372704
3.683016
5.637963
4.537850
6.910101
5.419657
4.865403
4.678156
4.561619
10.379754
5.733722
4.340734
3.477725
4.858588
5.153427
6.037273
4.758016
4.953917
6.489236
5.028902
6.151222
3.889908
5.058597
2.727788
5.171276
4.702083
4.810551
7.370517
5.307850
4.436688
6.983221
5.251129
6.238210
5.298439
4.057388
6.239551
5.639540
5.280979
6.117876
5.448723
3.900456
5.661759
4.435505
4.661412
3.895471
4.330320
4.649200
1.825381
5.232695
5.239980
8.026443
6.433598
3.386666
8.002752
4.824269
4.035467
7.641347
4.342572
2.886577
3.800311
5.637210
4.238078
3.839799
4.834481
5.020094
6.237020
5.313949
6.366815
6.399484
4.576244
4.236418
6.773738
4.905325
-2.098627
5.099172
4.840515
5.945471
1.993596
6.137460
4.672791
5.820427
5.662226
5.892360
7.889748
4.995907
4.440395
6.603089
5.911894
4.803631
4.556417
0.349332
5.444770
2.072500
4.545838
4.825866
5.139067
4.933181
4.125455
4.081999
0.735223
2.984689
7.613778
5.498088
5.285616
3.900802
1.497222
6.244433
3.561273
4.154333
7.267851
3.296681
8.908031
3.401242
5.493588
5.257033
6.476685
4.840419
4.290627
6.445300
4.230618
5.290846
5.586914
4.715706
5.066004
4.732431
5.087638
6.019814
4.430547
0.248858
-0.094549
8.993231
4.787037
4.529043
3.546703
3.878503
8.787527
4.361396
4.296964
4.636761
4.536219
4.411921
5.146927
6.113436
5.036139
4.915386
4.779164
3.610958
4.514806
1.165343
5.125846
2.048365
4.516017
3.982624
4.842181
6.965144
6.457116
5.447161
7.090369
2.049395
7.066853
0.689320
4.265873
6.572250
4.876437
4.113232
4.909731
6.603042
4.096819
4.362813
4.197921
4.009604
6.699001
5.975546
1.989385
5.619049
6.613594
5.365603
6.021370
5.405175
4.465382
4.514867
4.661165
5.391250
5.010551
4.730005
4.055764
3.702768
3.758627
4.847332
3.764811
4.753734
4.351050
9.192172
4.744467
4.239197
5.443662
5.239179
6.268577
4.469695
4.297792
4.969921
4.340506
4.940436
4.041575
4.842524
5.002068
4.556602
3.611603
3.377538
5.356078
4.855409
5.927248
4.473603
5.322213
5.837923
6.251198
4.807119
3.447386
8.086667
5.475212
1.781885
5.725435
4.939273
7.150302
3.836307
4.697116
3.727519
3.877931
5.562242
5.666501
1.137586
7.974068
6.524121
5.163691
2.812076
6.240484
5.173938
5.017084
5.415672
5.319751
6.508004
2.676228
4.454645
6.448543
4.428673
4.816653
6.202232
4.154429
1.907174
6.334004
4.479756
6.808070
4.654390
3.599996
5.439762
4.794963
4.529907
4.660407
3.051393
5.246085
4.325410
4.323181
5.530026
4.337949
4.133611
3.558481
5.107226
6.936041
5.834094
4.130733
2.001831
5.182105
3.568129
5.012691
5.953379
3.598496
3.892273
5.635572
4.408528
5.205012
5.694539
4.371828
5.276088
4.353799
5.129740
2.791894
4.637117
5.684108
4.426646
5.638044
4.906655
2.338309
5.806202
4.439820
5.785899
5.482414
5.719265
4.623702
4.484777
3.829191
2.953215
3.863355
5.506496
3.772481
5.355427
4.419550
7.578178
6.658757
4.849359
3.431436
4.302137
6.671141
3.901787
5.952666
3.579955
4.344335
9.342993
4.694952
4.584964
5.901006
5.897710
5.065586
6.408422
6.448295
5.275983
4.785645
5.918241
4.762911
4.852866
5.491303
6.774395
5.541038
6.189752
4.831904
4.061965
5.323862
5.377678
7.022694
4.764599
3.262115
6.871991
5.003731
5.741075
3.724964
5.342588
6.049072
5.444362
3.336384
5.015372
5.802617
5.637033
6.535602
5.525306
5.202182
2.890459
5.804706
3.733726
5.058451
3.463750
5.218337
4.124587
4.667041
3.915002
2.412190
5.449863
5.363743
5.746009
9.090840
4.166435
4.743633
5.446612
2.269017
2.703105
7.321675
3.635384
4.757251
4.375175
4.859109
6.420556
7.915715
5.238802
6.190980
4.859058
6.783217
5.429716
5.732128
4.018353
4.961421
5.540569
4.822639
5.065370
5.618227
4.827813
2.142092
8.289198
6.008245
4.916574
5.228501
4.128801
5.700219
4.224587
4.950317
6.417913
5.051030
6.167509
4.407267
5.374997
5.367058
4.222764
4.114525
7.502722
4.191263
5.221757
4.759180
3.659171
5.244010
5.204310
5.050320
3.958405
4.837548
6.055021
5.728281
2.035943
5.914588
5.192046
3.908301
5.421949
5.061738
4.986584
4.573827
5.285951
4.508436
5.232488
6.197126
5.310993
3.883243
5.750614
5.532557
4.509966
4.585437
4.963085
4.466476
6.742577
5.831123
5.041488
3.941852
4.119853
4.694227
3.184957
3.386723
5.125523
4.984576
1.597595
4.298487
4.827913
5.484626
4.954636
2.668973
7.951307
5.763863
6.642104
4.645046
4.650445
5.268844
4.898385
3.834791
2.798309
4.586590
5.269497
3.574503
4.253954
5.643657
0.320057
7.317089
5.366373
5.851999
3.952296
4.829474
5.896760
4.559098
1.431526
5.007321
5.598915
5.174835
4.478200
6.481401
3.824339
4.898995
5.484911
4.333436
3.991404
4.378678
2.038933
5.589401
4.009442
5.009859
4.356363
2.124429
4.036086
5.537110
6.178117
8.356832
5.180561
3.203746
6.605616
2.711431
3.107159
5.765760
6.706991
5.012146
4.721812
4.558988
5.476231
5.406790
5.521182
7.485774
4.589349
5.050263
4.708612
5.615784
5.416584
6.580155
4.901733
5.686693
5.930123
4.022551
6.732330
8.480282
-1.670764
5.208940
5.570645
5.696352
4.731673
1.734141
5.073104
5.363915
5.862038
5.929529
6.114288
4.288775
4.816300
5.069122
4.715825
6.672738
1.905754
5.536260
3.281393
6.042311
4.685474
4.808902
4.677552
3.431970
4.114145
4.876052
4.217742
4.696740
4.495852
6.060531
5.010076
5.207389
8.925270
4.124016
2.939181
5.260682
4.407359
4.059372
4.701530
7.138137
4.380289
4.082386
7.033308
5.325474
7.163753
3.523683
4.968300
7.026018
5.118842
3.911580
3.995820
6.875237
5.244810
2.139238
4.836627
5.088832
5.019447
6.406854
6.683548
4.257743
7.427391
3.648293
7.793951
4.364966
3.603549
5.215777
4.989654
4.946708
4.151825
6.553206
4.011336
5.369497
5.226534
5.606668
5.448440
4.906052
5.917492
2.770606
4.410678
5.353193
3.866466
4.514908
4.190693
4.329097
2.788059
6.556381
5.356994
6.854975
2.615735
0.367047
2.672063
5.768082
4.490577
3.743794
4.174426
3.224772
2.286875
5.171057
5.240132
4.425812
3.325713
3.167989
6.740943
6.223171
4.638588
4.702558
3.672424
5.876984
4.278204
8.748790
5.789577
0.673446
4.475494
5.246281
4.719998
3.368155
4.908631
2.284236
4.246725
4.477942
6.220345
7.861546
5.476119
2.810601
5.218114
9.470512
4.417882
5.507215
5.092188
4.946130
3.781298
2.777538
4.010278
4.883172
1.615858
4.482133
4.842741
4.780700
6.807183
4.559258
3.934823
5.577227
5.713748
4.770876
5.478789
5.111969
3.766664
3.438689
5.216190
6.553418
4.312835
5.089285
7.710688
4.792162
3.688334
4.456661
2.319441
3.433599
1.798696
4.884886
4.161160
3.684369
3.941297
5.287289
4.471999
5.988041
5.260271
4.363317
7.322385
4.910317
4.979856
5.705465
4.635268
5.753338
5.640546
6.695355
5.000359
5.956398
4.010528
8.319757
3.887758
4.140278
4.953016
3.469453
6.252479
4.344576
6.038699
4.763521
4.511872
4.525805
4.477214
6.087736
6.120181
6.245409
5.185930
4.527609
4.666387
5.452300
5.827646
9.142924
5.547173
7.529206
2.478123
5.234998
5.645446
5.728303
5.204899
6.362671
5.189757
4.806951
7.341234
2.724507
4.087692
5.428309
5.767422
4.171041
4.310974
4.260513
3.111789
7.110381
5.165492
4.965893
3.124133
3.663879
3.145493
5.413447
4.422980
5.675604
4.583754
5.135119
4.697120
4.916855
2.108227
4.434858
6.851408
4.054675
4.517752
4.036720
3.786937
5.618968
4.005044
3.578485
6.701620
4.753256
6.091693
5.040955
4.881192
6.785324
3.206074
4.334218
5.858809
4.951930
5.015865
0.197139
4.488699
6.021979
5.695620
5.592279
5.142630
2.391811
5.036708
2.917316
4.615639
3.495331
5.709722
1.107748
5.723554
7.121202
3.595422
7.463012
3.079817
6.058252
4.338010
6.957676
6.191504
4.069417
3.887152
2.584339
5.275127
5.343064
5.321393
6.470094
4.785122
6.698990
5.484673
5.288918
2.596206
5.584202
3.753844
4.061966
3.941792
4.997970
5.259352
5.087000
2.461047
6.148566
5.068421
4.048661
3.704399
5.068368
5.290199
6.709731
3.354594
6.347242
5.241676
4.575092
1.933574
4.970397
5.605213
4.960704
7.631217
6.348342
6.397855
4.374641
6.141587
4.637709
3.950630
4.197639
5.462147
6.800411
5.243065
4.284286
4.701431
6.970250
5.141613
6.052851
5.135670
5.129218
5.593038
6.691878
4.680123
5.393124
4.878105
3.382313
9.321633
7.498032
5.793424
4.742036
6.327227
4.732929
5.207705
3.769144
6.352223
4.893543
5.729842
2.369835
5.581872
5.949947
3.792711
4.638171
4.345381
6.247432
7.036107
4.907880
2.985270
6.140981
4.339493
5.273900
4.852120
4.675623
5.255938
4.633213
5.825362
4.764427
4.772132
5.415475
7.196861
5.153250
5.086963
4.792777
5.849809
6.107746
5.951732
6.660890
4.996913
3.894844
5.488273
3.197590
4.548391
0.711960
4.385765
6.065926
4.512776
6.132388
5.868611
6.504825
4.299374
5.090762
6.833044
4.418422
4.406940
4.014520
5.659164
5.002695
5.150999
6.449546
1.057081
4.333537
5.822452
5.906625
4.953754
5.525631
4.326771
5.074905
5.976990
4.241052
4.144131
4.240358
6.547379
4.021096
5.133135
3.158712
2.443475
4.103287
5.774414
5.653905
4.519513
6.820650
6.152524
7.275660
4.385586
1.954162
2.199615
7.154147
6.671779
5.025442
3.658980
8.228503
4.695263
2.470496
6.430084
3.743100
4.199825
4.224634
5.154317
3.095926
2.558066
8.205221
3.426217
5.185945
4.350087
5.434276
5.656684
6.295821
5.182138
4.230352
4.548402
6.638067
6.770836
2.314859
7.269961
4.920062
3.980713
4.776699
5.479774
6.079064
5.958583
3.793506
3.724299
5.959249
6.472852
6.428214
4.430847
4.363250
5.243166
4.428626
6.075834
2.682986
2.609734
5.915091
4.688122
1.697708
7.327755
2.960325
5.523775
6.165291
2.815341
5.890376
4.836578
4.210541
4.546637
5.573185
3.407100
2.412739
5.802087
2.284750
4.940933
5.133358
4.979033
4.528341
4.116104
4.530226
3.158574
5.106721
3.183149
7.208617
5.063179
6.288024
4.967152
3.622858
5.647760
5.492362
5.633684
4.830145
1.738418
3.466555
5.899556
5.088020
2.579242
5.796722
5.235107
4.647925
5.274709
2.460107
6.091453
9.951933
7.768098
4.580179
5.164133
4.722616
9.407512
3.889973
4.336498
3.197123
1.897633
4.764642
4.348930
4.780775
4.963563
3.798306
5.115092
4.702107
5.800779
4.648345
4.696261
2.891738
4.819147
3.455275
4.467234
4.725836
4.395896
5.352083
4.547173
7.107598
2.964779
7.190468
5.217497
3.996016
4.637476
6.558245
4.941151
6.736088
5.536433
1.618050
3.671505
4.411768
4.502880
4.575640
4.061571
4.753618
4.858463
6.666624
6.660034
5.716486
4.174855
5.319522
5.341089
4.014216
5.062182
5.257181
5.759868
4.998831
5.126924
7.636645
5.789545
6.892375
4.456681
5.092548
5.290057
4.832062
4.184261
6.043989
4.280515
3.185808
4.860306
4.819584
4.737134
4.899425
6.033032
6.504584
6.481844
5.850117
5.731469
4.994678
4.475717
3.993263
6.351515
5.664997
5.052629
4.739497
5.609749
5.099551
4.024359
4.945287
5.936160
7.276174
5.064334
4.756907
4.444618
6.527147
4.599004
4.017432
4.495333
5.821204
3.958475
5.013333
5.578525
1.000431
3.387486
3.220354
5.426914
3.580963
4.738010
5.835372
4.903939
1.139804
4.826965
5.920025
4.461366
5.241417
4.328451
5.297995
3.725203
3.724896
5.158308
4.919583
7.287387
6.336921
5.132299
5.418601
3.842024
6.776334
5.149606
5.471264
5.878908
0.984410
5.889320
4.440069
7.221486
1.463971
5.929072
3.110681
4.183875
1.829338
6.290031
5.610470
9.472482
5.134133
5.634340
6.252598
4.725314
5.824422
3.939434
4.506746
5.167579
1.576650
5.042029
5.738448
4.910237
5.853891
5.135861
4.937506
4.993711
7.186548
6.790371
5.923385
5.049789
5.703182
5.511403
5.157683
5.074720
5.279575
4.957296
4.735719
2.556071
5.155214
5.704971
4.216549
4.812208
4.826118
6.504817
3.837243
3.767951
3.309284
6.040792
4.641751
5.039674
3.210831
6.084199
3.029241
3.061372
4.809439
5.227432
3.226529
4.196945
5.060114
5.601254
5.558395
5.821829
5.564997
4.306388
4.372113
4.034353
5.051191
5.021162
5.335302
6.079827
3.411308
4.860163
4.751633
3.986891
4.430237
4.485272
4.477454
3.721467
6.024278
3.575514
6.865276
2.360172
2.609130
3.772194
6.185947
4.926097
4.094168
8.495798
3.611696
4.953522
5.339257
5.444385
5.575325
7.557698
5.039328
4.756949
6.619442
3.790663
5.058724
5.249151
6.653781
5.338997
1.321050
4.790725
5.419454
4.237775
4.205016
5.952633
5.882906
5.122972
5.846717
5.543672
5.203772
5.605127
6.005707
4.634689
7.012595
7.485822
4.867708
5.137059
4.926110
2.680738
3.814863
3.174193
4.706271
6.002971
5.846646
5.329476
3.995695
2.365320
7.344960
4.065960
5.856527
4.374412
4.044166
5.567347
5.058807
5.410823
3.610572
3.544657
4.743205
6.536982
5.066913
3.368551
5.640082
4.694778
5.317569
4.767194
8.674450
6.615616
5.125259
6.337969
5.155255
4.884000
5.274714
4.854686
6.366264
4.984959
5.499965
4.899259
4.828433
7.171642
4.154986
2.741046
5.551879
4.984745
5.193581
7.150813
6.402245
4.063463
5.786859
2.012178
4.561691
2.877744
3.292980
4.567633
6.836043
6.586258
5.621381
0.271593
5.462216
5.385092
5.459473
4.818047
4.474340
4.384285
6.074917
4.769485
2.424423
6.733628
5.857830
5.027238
3.272421
3.932163
4.880768
7.335464
4.917144
4.369583
6.291469
4.749476
4.863834
3.141966
5.282682
5.078756
5.062831
3.501318
5.121794
4.958451
5.053964
6.308489
4.390456
5.328843
5.370965
6.173741
5.480210
4.723067
4.368407
5.825945
2.770168
5.016001
3.301410
4.647771
4.303593
4.178682
4.392464
4.577288
5.868535
4.823498
5.017700
4.395806
6.395483
3.899954
4.343003
6.991000
5.573100
4.420933
5.649173
7.559164
5.699435
5.385986
4.927575
4.999705
4.616698
6.694647
5.292983
6.636755
4.709983
5.935096
5.769883
4.694823
5.462320
6.342368
4.771015
4.014742
3.210866
5.624752
4.653253
7.404070
4.047700
5.466728
4.502380
4.661438
5.063623
5.691641
5.088782
5.599033
5.139218
5.537193
5.641453
4.829015
2.726328
4.967499
4.808647
4.941989
5.155367
4.715362
1.890287
6.162629
6.755093
4.815510
5.716992
4.520841
4.884763
4.974016
4.788870
7.811114
5.849870
1.991540
5.284475
5.631441
4.907579
5.555107
4.178478
3.642901
5.473304
5.786014
6.072139
5.273113
5.334791
4.319463
5.529889
5.304420
1.352375
4.165886
4.667110
4.519199
4.947360
6.339272
5.537344
6.972667
4.039386
4.665414
4.285537
6.629148
4.113162
6.316024
4.894485
4.566474
6.000567
7.858059
9.483039
6.691539
7.079559
5.306225
7.307921
4.627826
5.044548
2.209179
6.077566
7.967601
8.459365
1.669897
2.188924
4.643505
4.588698
3.791661
4.735952
4.876777
4.796145
6.767317
2.842375
4.744221
3.796200
2.732819
5.253057
4.339818
5.263780
4.804625
4.798598
5.290208
6.247191
4.753579
5.499622
4.405407
5.587517
0.212029
4.064861
5.057668
3.750007
4.485991
5.328514
4.768477
1.409233
6.239207
5.354281
4.112097
4.689515
5.573502
3.310583
