5000
9.629238
12.436436
10.414366
11.718958
9.743579
8.172374
11.399316
9.980981
11.429243
10.121288
11.328299
12.347261
11.404777
11.759605
9.796498
9.888013
11.507439
11.964577
11.671682
10.522411
11.295056
10.887265
6.006021
7.401994
10.014181
12.145591
9.163450
11.141090
8.117279
9.310359
10.167096
11.157320
8.656651
9.349499
9.147647
9.656531
9.601633
8.930310
11.571761
9.199542
10.564785
10.326627
10.072870
10.772539
10.144681
6.715723
11.756937
10.170394
9.925394
6.794967
12.362294
10.823528
11.267957
11.159678
8.351651
8.731205
10.004618
10.096746
8.856406
9.574866
9.837785
9.013008
8.041711
9.823298
9.477730
8.148309
10.605886
9.051720
11.155931
9.449748
9.152927
10.752645
9.757572
12.067088
7.006713
7.695943
9.611173
11.445334
7.145437
10.002477
12.470786
12.793394
10.121918
11.235010
10.876619
11.653398
8.052677
7.457874
9.096528
10.432628
13.011463
10.391643
8.967834
10.149026
12.757367
7.842248
10.428670
12.825765
6.467431
14.399269
10.158328
11.952368
9.282925
10.233086
10.174224
8.172605
10.253870
11.011220
9.811220
10.342523
8.902929
8.830039
8.993031
10.025623
9.425646
10.343653
11.522896
8.960436
10.267083
8.688124
11.030560
10.194276
10.723335
10.053657
9.170616
9.181197
11.594871
9.673174
9.405490
11.029903
9.340556
10.595586
10.042888
11.313905
10.039350
11.231924
11.631578
16.168950
9.848768
9.966656
9.101239
11.937519
9.671643
8.006022
9.736925
10.086953
10.954485
8.885917
9.595675
9.993636
9.664230
9.753158
10.144137
9.531637
9.958116
11.360359
10.359953
8.670884
10.365621
9.018426
9.192638
11.273102
9.658243
9.590199
8.757576
9.272943
9.846302
11.046061
9.118294
10.524114
9.006677
10.714610
9.539404
10.146350
7.188454
9.532006
10.116788
7.367148
9.381862
9.714881
12.511486
9.751804
11.079695
10.453275
9.577776
6.835790
8.844088
8.669228
10.736536
11.783780
11.164461
10.508392
10.456341
8.475033
10.457591
7.488767
11.805186
11.558491
11.397952
10.266639
12.188298
9.937344
8.800635
11.543425
10.946219
9.095661
11.184835
9.935926
10.634266
9.964224
10.041870
8.738965
9.653945
8.886049
10.074748
11.078357
10.516531
10.769442
11.447303
10.110583
10.294777
10.103416
10.989120
11.345561
9.493261
10.799687
7.818782
9.558353
5.828452
9.686703
11.413527
9.734358
10.951832
10.261804
9.871248
10.011074
8.506141
12.384524
10.599369
11.908270
12.012761
10.398489
9.853780
10.777200
10.824265
11.992632
12.339903
8.017075
11.103211
11.061571
9.979584
8.937042
12.820754
9.505892
9.612974
10.796332
8.361508
9.875544
9.986795
7.036090
8.510060
9.469835
10.152379
9.804723
10.722576
9.685622
9.649328
8.959366
10.234609
16.658231
10.313129
9.209020
9.616722
9.412975
8.448075
10.086542
9.801066
9.197304
8.761432
11.848676
7.810103
11.096731
9.087298
9.202656
9.710126
10.967030
12.203340
9.037685
10.991321
8.458252
11.247289
8.444531
8.963321
10.147478
9.508905
9.985102
10.586358
11.306187
9.943152
9.413447
13.219377
10.525525
7.370876
11.144242
9.139373
9.725422
9.304877
10.110529
8.892912
9.560086
10.633531
13.863007
9.305225
8.267424
9.181204
11.722965
9.955794
11.066312
8.792502
10.011068
10.041891
8.621306
10.398667
9.264795
9.972974
11.156302
10.489389
9.655692
9.277589
13.608276
10.253586
8.978640
10.013384
10.052194
10.781125
10.613043
10.417130
9.925244
10.223936
12.518986
12.160349
10.609905
9.491943
11.422426
10.665095
10.242542
12.743448
11.754991
10.172414
9.880684
9.807886
14.271982
9.567630
9.837877
10.126162
9.963690
9.396644
10.043814
10.283446
10.454660
9.991788
8.977268
9.548964
9.022336
10.077083
9.151202
7.609772
9.740908
9.718456
8.613106
9.998272
11.792472
12.298980
11.124641
6.613111
8.460689
8.067915
10.419243
9.521373
11.088917
6.987397
12.611264
9.900865
10.062470
10.321927
9.771823
9.447895
9.667343
10.577358
9.761729
11.248774
10.983621
9.952370
10.361960
10.007529
10.302105
10.235901
11.338039
10.651823
9.446927
11.581258
8.768263
10.979784
9.892756
11.262097
11.677818
14.989983
10.164498
10.746055
9.752733
9.282120
10.144281
11.278916
9.519210
9.216769
10.104388
9.436902
8.807104
7.746950
9.959248
10.097607
11.016108
13.841342
10.899312
10.134799
8.950702
6.282327
10.490306
10.964550
10.979860
8.975571
9.875505
9.559103
10.392953
10.962623
9.582770
10.607640
11.255639
8.520729
11.400484
9.815271
9.766389
11.219146
9.789939
9.544376
9.538296
16.178937
7.821394
10.850139
10.487060
10.221907
9.556110
12.006324
10.789151
10.346410
11.146848
10.944573
8.055649
9.338112
11.040930
8.644561
11.911821
12.812590
8.261956
9.528219
11.944300
9.003840
6.859461
9.284785
10.210693
9.753517
9.871223
8.513987
10.763486
11.098789
6.675186
9.205208
11.893130
9.529842
12.343173
9.555856
10.963103
10.506692
10.766345
8.837703
9.882970
9.461287
7.891153
10.306901
9.984768
7.409466
9.928977
10.546481
9.834376
12.685288
11.723737
11.466986
10.367306
10.049132
9.995374
11.152874
9.508617
9.815296
10.741948
10.430404
10.137936
9.786637
11.758629
8.980416
7.990461
10.051476
9.948960
10.454832
11.335694
10.535061
9.928647
14.010791
10.199624
9.000805
12.247819
8.607317
9.362954
9.324863
8.228421
10.758883
10.126720
9.530997
9.435329
7.970300
11.030004
7.858888
10.190670
12.560993
9.361108
8.646882
9.859953
9.883028
8.806451
10.613594
10.204107
10.731434
10.824434
9.672666
10.284076
9.621332
10.084367
7.995803
11.816622
10.134055
9.041192
11.885162
10.404193
12.146890
9.187429
10.064758
10.345088
10.150591
10.406029
13.499888
11.292359
9.047608
9.499931
10.775920
10.575346
10.064813
9.869765
9.470504
9.072686
9.693953
11.740164
10.075802
9.962202
9.981969
6.827564
12.604090
10.171701
11.028956
11.197967
7.726364
9.443394
9.937230
10.610456
8.960726
10.558549
10.498189
9.612309
9.376777
9.493488
7.882558
9.589377
14.406632
9.472668
8.856632
10.276506
10.673926
11.341119
9.965470
7.227379
8.151066
10.098366
10.287142
9.895295
9.125898
10.501320
11.572887
10.552135
8.938521
9.731591
10.679908
11.577504
9.838656
7.349233
9.623906
10.415780
9.766438
10.305608
6.175848
8.114897
10.312671
14.061056
12.596338
9.576540
11.105475
10.293896
9.329111
15.543246
9.973778
10.063664
8.847237
9.860731
7.055934
9.838692
10.947030
10.862989
8.613594
9.942850
11.437224
8.878564
10.562646
9.268034
9.821145
10.074332
9.912665
9.363507
9.512869
9.981990
10.632442
11.798929
8.580075
10.191646
13.334788
9.753979
10.481533
9.971306
10.984172
10.449661
9.167051
10.478548
9.801700
9.727529
10.570424
10.492140
9.461910
12.583628
10.633879
8.768619
9.596051
12.736783
10.310342
9.625461
11.012804
12.584525
10.233586
9.620792
8.218469
10.200860
9.977286
10.950866
10.519785
9.433137
8.938968
10.184556
9.537595
9.616391
13.466960
9.001496
8.982461
10.378401
9.952351
10.045375
9.798174
13.547894
12.922322
10.394189
10.257579
9.237516
10.623634
10.071741
7.456634
8.913874
11.755777
10.173507
10.434231
9.632847
9.926715
10.407300
11.952985
9.029506
10.448083
8.155621
9.449827
8.635005
8.562537
7.642250
10.551159
9.461919
9.443641
11.572692
9.984169
10.574559
7.968667
11.179115
10.116382
10.347057
8.630805
10.194256
4.178241
8.268153
13.918010
10.237743
10.276473
10.491233
13.257128
7.909812
10.289459
10.287949
11.110031
11.946966
10.468622
8.988341
9.962739
9.867375
10.641592
9.321145
12.423772
8.488006
10.370788
10.595286
8.612166
11.050902
9.998389
12.083181
13.535085
8.093361
9.048415
8.027999
9.066531
8.198715
9.779662
10.435373
10.639380
10.838328
9.800838
7.756349
12.822435
9.033846
9.551987
10.233983
10.318608
9.213012
10.164339
9.774187
9.997696
10.007116
10.655219
11.007920
10.170876
10.492921
12.664178
9.492145
7.740188
4.477740
9.216662
9.239759
10.946388
10.361619
8.751940
9.795232
9.478909
10.060711
9.974455
13.037508
9.142786
10.258372
9.518379
9.738546
9.825188
9.111168
10.042125
8.858459
9.473638
10.732120
10.229974
9.266568
10.115327
7.881647
8.230263
10.888393
10.435334
10.591629
9.582591
9.694163
10.512952
11.496544
12.604115
9.579686
10.736418
9.168061
10.297591
12.259535
9.932677
9.702042
8.687924
9.144359
8.422805
9.650555
9.911111
10.140579
9.770385
9.123667
10.550187
9.711568
10.237367
9.743903
9.828632
9.590496
11.702070
7.222925
10.551409
10.157365
10.180685
9.615215
9.948213
9.042433
11.091125
9.122887
10.006269
10.312969
9.956340
8.488969
12.381811
8.414773
10.802829
12.263331
10.581150
10.258206
11.530715
4.360907
11.012789
10.360577
10.132504
10.219701
10.205720
8.135393
7.405061
10.470944
9.911299
9.355104
7.659478
13.731895
9.717018
9.234475
8.745373
7.626491
10.164230
11.078670
10.568413
9.437726
7.670444
11.908221
10.165972
8.988820
10.058045
9.325692
9.758004
10.452502
8.964125
10.906298
10.726958
9.101561
9.266178
9.702480
9.844732
10.289805
9.673769
11.625914
9.655698
11.974693
6.635967
11.575805
4.839076
9.601522
10.214963
5.328516
10.100349
10.329868
9.280283
11.826694
8.648664
9.288100
8.021922
10.524781
10.907610
9.181310
11.712181
10.260603
11.055013
12.393884
10.082946
9.937138
10.224629
10.511724
11.523935
9.731864
10.796851
11.664906
8.793935
9.677744
9.862383
11.044117
7.998121
10.834280
10.525322
12.489979
10.206715
9.306012
9.852668
10.164437
10.338204
9.569993
9.932937
9.363924
9.276405
9.229325
9.246612
11.201157
14.668899
9.278834
4.765536
9.567400
10.178807
10.799234
8.228056
12.012220
9.391559
9.023713
9.950241
10.279311
9.212027
9.645504
8.971575
7.591334
7.866852
10.976418
10.610153
10.401746
8.983459
10.368672
13.482205
11.412045
9.452119
10.728921
11.060783
8.784003
8.985368
10.348277
13.563460
8.980397
9.830262
10.988118
7.972260
10.203330
9.003656
12.284581
10.203813
11.080990
11.645611
10.520968
12.182020
11.028555
7.012952
9.763012
9.703219
10.120991
10.799814
10.217162
10.104104
11.707496
8.755804
9.684608
11.453354
6.925635
9.680483
11.093169
9.937796
10.608914
9.717478
12.310700
10.948078
8.205104
11.464078
10.435020
8.553179
9.359857
10.784548
8.993742
10.767995
9.999969
9.763492
10.472086
8.804781
10.504224
8.876605
10.025414
10.264714
8.513547
9.698934
8.063226
10.336310
9.632191
10.480807
8.198336
9.949229
9.258294
8.820540
9.937132
8.041011
11.256382
9.486989
10.044965
10.332660
9.927898
9.117100
9.549383
9.726980
9.627202
9.572657
9.476356
8.008538
10.832851
11.066698
11.686069
9.837658
9.586910
10.158972
11.061339
10.922100
9.797547
9.820537
9.963760
10.700434
8.507217
10.197531
13.024076
10.867954
9.764524
9.215430
9.717144
11.461902
9.450251
9.320903
11.591008
10.584736
11.352497
9.318351
9.943710
11.425509
10.453862
9.805469
12.005763
8.312747
10.607767
9.059017
12.714423
10.176542
8.688768
9.875506
10.186701
9.954967
6.573293
10.144997
11.076001
10.679708
6.646663
12.562496
10.829310
9.479633
8.715254
10.746008
6.723803
9.756528
10.563803
8.461564
10.087156
10.242446
9.997128
9.455807
8.783037
8.673235
13.290850
10.040135
10.027375
12.504353
11.196288
10.193630
8.790326
10.286575
8.480015
10.503693
12.244080
12.245691
10.390455
9.514249
7.659377
11.092551
10.585962
7.195266
8.691903
10.069249
9.417480
9.395659
9.885199
10.893237
11.006683
10.391658
9.959000
10.058936
8.457836
10.034511
10.771580
12.551447
10.180759
9.389684
9.455087
10.839885
9.389651
10.835658
9.220703
12.122679
10.147548
9.423281
10.243763
11.797190
10.018968
11.564697
9.597447
10.477020
8.075985
12.400676
9.904913
12.119971
10.667604
9.038106
10.285610
11.205032
9.581097
9.222486
9.767745
10.103164
12.140375
8.823767
10.873852
11.438924
9.935027
10.619523
9.266376
11.991309
9.096508
10.437967
10.980080
9.796855
12.435580
8.327152
11.436993
9.635904
9.291039
9.534501
13.001080
10.166496
10.328496
10.407460
9.816524
9.888297
10.364525
10.036707
10.312210
7.175133
10.441110
10.366779
9.921682
9.299024
10.112062
7.376800
10.794576
13.444332
9.902568
12.812884
9.746738
9.787545
10.507285
10.335634
10.763323
9.476419
12.137314
8.387486
8.491591
13.153422
10.272906
12.411920
9.808365
11.273731
9.983017
8.855514
4.111442
9.947037
10.910570
8.858586
9.105555
9.809142
14.093310
13.420594
10.996070
13.035872
8.674561
10.042149
9.905622
11.115474
9.991050
11.216895
10.244621
9.471328
9.750756
10.318347
10.097495
10.230901
9.689387
11.905674
9.792096
11.463600
8.200503
9.196659
10.923212
10.247719
10.022135
9.139504
11.091439
10.560422
12.367962
10.457098
10.134255
10.697166
9.633517
11.878282
8.980495
9.140959
10.245921
9.345327
8.776631
6.047834
11.566993
11.234261
10.013364
10.779998
11.745878
8.260095
10.506815
9.890914
9.732621
10.482843
10.650706
9.492129
10.384926
10.599634
9.937242
6.409874
9.778597
9.837578
9.690246
11.096528
10.699077
9.062804
8.962459
10.449648
8.121780
9.861578
10.589319
12.427131
9.346313
9.745485
9.382096
10.660981
10.234037
9.553187
10.019621
8.119041
10.226189
10.631693
10.519234
10.562202
8.453945
10.057115
12.136883
10.598136
9.873770
12.411506
10.026453
9.628950
10.126498
7.778518
10.595434
9.755568
10.263482
12.142195
11.625887
9.576297
10.639166
10.839647
9.918407
10.349122
10.000122
9.547297
10.141606
9.385119
8.479472
11.404156
9.387722
10.214136
9.951233
10.465756
9.625134
9.023188
9.661195
9.891087
11.272324
9.858886
10.849836
10.156757
10.666720
8.981389
11.368959
9.305011
10.976879
11.404120
9.703607
9.498330
10.215623
10.293736
9.865422
12.764758
9.453634
8.975032
8.116750
11.144768
10.228470
10.521842
9.391325
9.711560
9.831813
9.564433
7.491530
8.931389
8.787797
10.159947
10.115968
9.846789
11.790156
11.355102
8.112924
8.683710
11.772477
11.204095
12.772561
10.267350
7.174824
8.224273
8.636259
9.785227
10.506654
12.093300
11.211765
9.612829
11.234443
10.114654
9.993820
9.888672
7.730933
9.943922
9.478492
9.675023
8.009113
7.876239
10.292369
9.583845
10.536851
9.564927
9.827012
11.609733
9.527722
8.348704
10.066260
7.189691
9.075004
9.438167
7.450154
10.539389
9.901272
11.563714
9.673260
10.163580
10.320313
9.415381
9.623991
10.640610
10.479842
9.035791
9.902344
8.372354
7.559416
9.671074
9.253954
11.992772
8.585458
9.697996
9.842138
9.621137
9.063026
10.683221
11.116138
12.484355
10.723359
8.112341
9.965165
9.425650
11.045057
8.734841
8.140447
10.519188
8.903112
11.170423
11.493447
10.422637
10.726790
10.462980
10.602033
11.370909
9.693430
10.634637
8.326385
9.788101
9.970637
10.041203
9.338591
9.797415
10.021439
10.359256
11.504307
11.753964
10.967675
9.577694
9.951858
7.961117
10.240699
13.758107
8.938320
11.203166
9.419726
10.934500
11.601705
7.681452
10.623979
9.494316
10.212336
9.388748
9.816861
7.707302
8.541186
9.537436
9.817249
10.888884
10.070092
12.264143
10.130532
11.679839
10.381932
11.886556
8.381499
9.189616
9.719790
9.661350
11.435731
9.467102
11.623118
11.224004
8.492983
6.200794
9.931336
6.993458
9.103490
8.317230
9.950104
10.851720
11.129691
11.138457
8.379944
9.404468
10.370411
9.008905
9.717359
11.106769
10.577869
8.465751
11.800422
10.210060
11.994531
10.548772
6.603792
6.808121
11.111663
9.896032
10.268294
9.330961
10.110697
10.503556
10.627870
9.358116
9.891008
11.507727
9.776312
9.626902
10.203257
10.051044
7.862295
8.908809
10.184655
10.013039
10.932130
7.727139
7.571943
11.086973
9.872532
10.137412
8.316198
9.906092
12.701806
11.242690
9.408833
9.928660
9.627277
10.696542
9.814407
9.299745
9.272729
12.085420
10.278621
9.444851
9.679913
12.117149
9.815173
10.639497
10.520220
8.635007
13.133329
8.746019
9.475784
13.157767
9.571260
10.086289
9.923268
10.351353
9.774620
8.158725
11.814442
9.980128
9.397573
13.076263
8.698621
10.035992
11.971880
9.606486
9.280240
13.616707
10.286336
8.481185
10.691688
8.281266
13.170083
9.887799
8.997093
10.151352
12.643973
7.998289
9.933849
8.178398
10.119327
6.149361
7.853153
9.024283
12.934357
9.343398
11.205638
8.511325
8.813551
10.072154
10.425459
10.128722
10.096773
10.126630
10.368687
9.293322
11.331414
9.115130
10.226466
8.860775
12.267264
9.599408
9.132001
11.047538
10.019289
12.161939
9.954474
9.817628
9.596375
9.833432
9.310039
9.359127
9.151309
10.988748
10.964504
11.415927
10.127540
8.953868
9.961428
9.546941
9.497714
9.315531
9.996677
10.302044
10.005413
9.146358
9.064499
8.769441
9.987636
10.125530
9.532288
10.077831
9.294446
11.162870
8.258786
7.921292
10.334535
9.405969
10.090489
9.888498
11.898577
7.586304
10.638948
8.154224
9.674141
10.672611
11.215021
10.738069
8.806317
8.859058
7.580182
10.779096
9.183235
10.717944
10.208029
10.101359
10.586388
9.510753
8.575947
9.985518
11.348570
10.237246
12.165622
10.307663
10.610553
9.093893
10.556296
7.797160
8.971162
12.997897
9.990150
12.507568
11.660242
6.938387
9.538107
9.159126
9.737822
10.014826
8.648641
10.454728
11.466633
9.582970
13.099755
9.836656
10.392941
10.851099
9.867072
10.164735
7.689544
10.102711
12.903609
10.814167
9.817539
10.379301
10.691418
10.248904
12.575022
13.379012
8.774340
10.044832
7.989739
9.922458
11.156833
9.309253
9.808589
8.117461
9.604773
9.940422
11.671585
9.129974
9.147370
10.282752
11.186724
9.733736
9.605586
9.499606
9.493457
8.982265
10.267235
9.435001
10.325469
6.728863
9.391361
11.232596
6.786977
7.588994
10.961274
10.535725
9.943384
10.354644
8.234483
9.604590
12.091249
11.758088
11.162672
6.170682
9.039828
12.003786
8.993108
9.685724
8.428928
13.939484
10.367888
7.273478
10.688310
9.210748
9.562972
10.193086
9.639836
9.090360
8.201001
11.060195
10.235153
10.186339
9.227016
9.608800
11.305393
8.989490
9.627015
10.096813
9.836859
12.403811
10.075167
10.596127
13.129005
10.348160
9.924757
9.382265
11.880979
9.184307
10.162968
9.943257
5.863726
10.330291
11.287141
9.627073
9.316422
11.387711
9.396426
9.228166
9.212214
12.873382
9.199554
10.396381
10.072646
9.491757
9.526438
10.949044
13.229585
10.903579
10.125503
10.133281
11.790999
10.208924
9.531056
11.961045
9.937816
9.532955
9.127661
10.762958
10.661993
9.850824
9.695171
11.121438
8.426888
11.274972
8.314306
8.905459
10.136467
10.588546
9.526102
8.927533
10.227744
9.041260
8.911036
7.406558
10.391228
10.410532
8.143373
9.615017
9.826554
10.600226
9.223369
10.742670
9.606891
8.951577
10.846132
10.925530
9.574440
10.060810
7.799218
11.592441
9.602289
9.336278
8.879975
9.634527
9.163841
10.074633
9.724330
10.420845
9.129031
8.036873
9.702667
9.100391
8.753876
9.868892
11.205998
11.071690
10.053423
10.903923
11.434827
8.688758
11.224269
10.654345
10.443760
10.194435
9.947843
11.451038
9.546963
11.924832
9.681775
10.658981
11.742008
11.322615
9.674593
12.784323
7.360621
11.186505
8.847345
11.869985
9.556461
10.588015
10.251022
9.615739
9.408135
7.813849
6.380634
9.942500
9.811047
10.264768
11.041109
11.071688
8.192298
9.204368
11.445173
13.931641
13.598386
10.162962
10.049998
9.456247
9.820951
9.915937
13.820052
11.126532
9.145563
10.129209
10.951115
9.722281
9.646994
9.276360
9.102977
7.471447
9.768338
11.541616
9.420130
10.659306
10.313847
9.957884
11.404965
10.087695
9.346681
11.275277
10.312294
7.193629
8.914679
10.658738
10.131799
9.477979
10.120811
12.275819
12.252315
9.773427
10.759316
9.820041
7.758659
7.163528
9.059632
10.288498
9.211308
9.609594
12.272600
5.506077
11.418740
12.344966
9.821459
9.121316
8.232077
13.201884
10.764111
9.952158
9.771549
7.056220
10.267718
9.903766
9.394475
10.525752
10.231149
8.562830
7.638354
10.928623
9.931495
10.182024
8.506765
10.163296
10.329124
9.958680
10.080508
9.589253
10.167718
9.702800
10.785762
9.622698
13.405437
10.010149
8.349032
10.749148
11.163823
9.503877
8.462114
9.721115
10.279560
10.783178
10.225904
8.432225
9.732528
12.764534
10.114808
8.356834
10.261344
10.802112
8.744487
6.718471
9.504304
11.264834
10.083589
10.049643
10.024894
9.821706
10.191731
11.264936
9.441907
9.882834
10.447603
6.857906
9.920464
10.686476
10.142216
11.067051
9.983776
9.487204
10.140406
9.425172
9.092845
10.004698
10.016745
7.963982
9.787004
9.970687
12.371698
9.203312
11.157817
10.968452
7.487328
9.734462
9.868388
11.291351
9.432723
9.984585
8.966699
9.937619
10.197342
10.431013
8.782731
10.457217
11.438686
10.492460
11.332219
9.373937
10.297641
10.413648
9.575060
10.715733
9.666909
10.986984
10.794494
6.955398
10.314407
10.485374
9.301721
9.708824
7.907359
11.461608
9.469578
9.006284
11.293851
10.565362
11.185893
12.072691
11.557712
9.158873
10.297874
10.577418
8.983479
10.142631
7.354818
10.826430
7.582262
10.963145
11.157777
11.076892
8.301833
10.226057
9.486675
13.900522
10.366633
10.256758
10.351374
9.781112
10.350848
10.101945
10.278233
11.121148
9.549068
8.397801
10.676393
9.566294
9.866458
10.197618
10.196152
15.754663
10.130187
11.602088
9.368877
8.096929
9.343042
10.431848
10.120377
10.008016
10.587850
10.617032
8.499284
10.137479
10.297039
10.195594
10.961915
8.795651
9.749889
9.744416
9.873215
9.813851
9.518626
8.764821
9.231559
10.233984
10.168233
10.187036
9.333919
10.086718
9.426633
8.400213
9.051015
11.417767
10.055568
10.888937
10.136963
9.888077
11.936117
11.941135
10.156667
11.353664
9.074018
10.417925
9.191065
9.467414
8.924203
10.867047
9.361249
10.435853
8.685322
9.895709
11.999142
9.547539
11.498472
10.483292
10.028647
12.627937
10.111446
11.866033
8.341940
10.009724
6.726201
11.880801
10.337654
10.368534
8.875878
9.663876
11.870368
9.500897
10.342238
9.580433
7.713253
9.396001
8.839153
9.959098
10.651929
7.440819
9.948996
8.230969
8.641444
9.621975
11.499629
9.459887
10.312995
10.322037
9.738170
9.954226
9.659428
9.973495
9.031006
10.744190
8.014141
8.973111
9.604109
11.414905
11.096172
9.874795
9.618257
8.934322
10.038125
9.254605
10.512277
10.508046
10.681702
7.970127
13.910283
10.451303
9.718887
10.046802
10.440926
9.421936
9.106734
10.667896
9.888259
8.953078
10.868417
10.541376
6.548415
11.998955
9.979214
9.569552
14.687521
9.635481
7.877749
9.907605
10.663035
9.934677
10.709864
10.056832
9.265669
9.419473
9.261056
11.571942
8.957023
9.905066
11.825151
10.402138
8.371649
9.682297
9.414909
9.357803
9.783454
8.936488
9.992160
8.564057
12.360698
10.965488
8.644181
9.002332
11.568268
10.015379
8.996421
10.503177
9.502334
9.943099
8.170842
11.529887
10.600022
10.954784
8.218295
9.720078
6.927300
8.235388
12.306014
16.321634
9.179691
10.497637
8.839465
10.269462
10.511651
9.381323
9.682819
6.651687
8.402668
10.333718
9.660512
9.999401
13.625232
11.003058
11.465660
8.512313
9.865332
11.202525
9.443148
9.725619
9.380299
12.908419
12.142735
13.349533
11.134292
9.982623
10.960551
10.140112
9.670678
9.149162
7.938787
7.124343
10.700249
9.373534
10.317545
11.297407
9.790424
11.888467
9.245580
8.665661
10.261566
15.689935
9.605080
10.292840
9.346608
9.553337
9.297836
10.074969
12.415702
10.233707
8.741124
11.125947
10.114007
10.052638
8.498260
10.109098
11.356850
12.513094
10.435838
11.410446
8.735652
10.069976
10.584039
10.080350
8.405816
9.172887
10.383727
7.945696
9.872559
9.806709
11.674602
9.170429
9.924756
10.088094
9.804317
9.768697
9.737778
11.242819
10.568465
10.995753
9.630275
8.890818
11.129868
10.463946
11.480133
9.432538
10.815725
8.460238
9.018261
9.838998
10.882661
9.448038
9.597124
8.773924
10.390756
9.088503
9.287742
12.058536
8.353709
10.488556
11.183663
10.797403
9.155090
10.474352
10.149892
9.939109
9.820915
10.427131
10.449253
10.053052
10.782778
8.272403
8.794642
5.952151
9.048046
9.777939
9.838907
9.851264
10.166771
8.775756
8.151719
9.762811
9.207474
9.711862
10.584689
9.728421
8.512622
10.089569
10.891631
11.495359
10.916463
11.456008
10.093888
10.272278
8.909777
10.452558
9.208018
9.232475
9.238793
11.754514
9.109128
10.362609
9.861118
8.080508
8.809978
9.967822
10.044826
9.473576
8.311606
9.984530
11.473097
10.607344
8.762897
9.356454
9.669913
7.735589
9.874099
9.948335
5.900463
10.672472
9.315317
9.103526
11.417385
14.401164
9.931641
8.791925
9.710117
9.119484
10.029041
10.017811
10.897652
8.975466
9.724919
11.059234
9.277809
9.949842
10.032328
11.015497
9.190569
10.625348
10.339522
9.568079
9.908142
10.647193
9.215825
9.941580
8.684406
12.598139
9.526454
9.394527
10.532904
8.753920
10.111288
10.998413
9.694933
10.351905
10.255809
12.003581
10.081524
8.490586
9.630195
11.962995
10.196463
9.912721
10.705849
9.844670
12.026371
11.513929
10.158722
10.083715
10.676300
11.319648
9.190580
10.794109
9.928614
9.545874
10.282670
11.250372
8.972052
11.359425
14.694511
10.404238
10.150371
9.893553
10.869881
7.563776
9.709290
9.767615
9.661380
10.799695
9.535559
8.190498
10.409660
10.187818
8.161244
9.742246
9.243987
9.882833
10.112182
9.136076
8.317747
13.136894
10.073706
8.667200
9.417524
8.193071
9.551789
9.998574
10.679642
8.676144
6.331376
10.646656
9.206625
9.767081
10.936049
9.810886
10.716462
11.437956
10.126613
11.065310
12.638781
10.535525
10.458643
9.416896
10.341830
9.079289
10.055427
9.405969
10.609372
9.314891
9.499729
11.739128
7.154755
12.115404
11.394983
9.993857
10.219081
9.627345
11.690451
9.744015
9.646564
10.185891
11.044973
9.610205
11.521029
10.046624
8.710813
10.325594
12.203883
8.751492
9.353129
9.792575
10.254537
9.396055
8.354336
6.575798
9.803788
8.895367
10.674272
10.026732
7.271445
8.688406
9.786676
8.376016
10.581728
9.079292
9.577981
8.959634
10.323065
10.191359
9.798809
10.204569
10.204690
10.999663
9.611672
10.933868
10.949097
11.425951
11.174303
8.492831
11.033447
10.304455
10.435172
17.437946
11.159063
12.222462
12.012562
11.093516
9.912963
9.547049
9.926303
8.989360
8.683044
10.107037
11.343992
7.792916
11.510545
10.463555
8.982412
10.383904
10.751736
10.008457
10.856361
10.568606
7.910251
10.589440
9.303944
9.071469
10.192702
10.055050
9.551128
9.625028
10.119151
9.124218
10.018937
9.500269
9.203311
10.369398
10.881895
9.593395
11.012278
11.384516
10.132558
10.251901
10.458293
8.439416
6.284555
13.723503
7.815475
13.011028
9.855351
6.147170
10.428046
9.816152
10.417201
10.734836
10.308843
8.497715
9.855912
9.717295
9.001961
12.608320
8.911652
10.188019
9.555907
9.737254
10.787133
10.109598
9.888023
8.387453
10.727668
9.863857
7.650641
9.195527
11.228479
5.399956
9.415447
9.446550
10.421418
10.131537
9.289776
11.237261
8.877828
9.798700
10.140055
11.372198
10.636875
8.330676
12.784786
10.417377
10.293853
9.891065
9.382960
9.885775
10.351772
8.759723
9.143701
10.736867
10.570969
9.591839
9.664924
12.855478
9.957592
9.394961
8.856847
12.057900
8.896285
10.042953
11.164889
7.956511
10.289564
11.112221
10.450521
9.960318
8.291623
13.436185
11.731804
8.936681
12.304965
9.605491
10.465243
9.370382
10.488906
10.668234
9.101802
9.565304
10.196920
9.423990
13.775422
8.523277
10.131629
10.219346
11.067212
10.756128
9.368988
12.293143
9.919061
9.699708
9.997014
11.051915
13.612977
12.277993
9.687822
9.936217
9.785623
10.128880
8.099531
9.498631
11.027110
9.683559
11.851184
10.812313
12.216438
9.274257
8.624102
10.557330
8.752001
10.132102
10.390920
12.222692
10.520521
10.149398
11.877015
7.726150
6.289024
10.597501
9.947046
10.185832
9.390674
9.785493
10.552649
9.805455
10.753329
9.779261
9.606935
9.358952
9.959364
8.947750
9.419146
10.928565
10.149042
7.899425
10.538814
8.363794
8.067781
10.098391
9.380649
10.066071
10.276801
9.490528
8.637920
10.741293
11.194368
9.485774
9.974971
11.058326
10.617249
8.329965
12.499584
8.916486
8.395207
10.035017
11.636638
12.152499
11.213034
9.338547
9.556895
8.482601
10.153465
10.798815
8.509631
9.133007
11.339395
10.095796
13.357888
10.447838
10.032435
5.389456
10.207769
9.332222
10.004041
9.047900
11.825730
9.202043
9.192429
11.825397
9.251938
10.099143
8.826516
7.399711
11.563719
8.691594
10.468132
11.290837
10.867411
8.910820
10.204873
10.015556
9.062482
9.086390
12.041683
11.073870
10.195139
12.430414
10.309879
8.576565
9.143767
9.918104
10.410315
9.553734
8.740513
9.843704
10.410423
10.234686
10.555081
10.637030
8.112784
11.152833
8.367777
13.503226
10.550834
9.495195
10.015028
11.125605
12.814921
10.177441
10.202015
9.914915
9.856302
10.019702
9.320644
7.975050
8.859085
11.378746
11.231310
9.939095
11.195135
9.321226
11.490942
9.688442
11.164733
10.414875
11.650581
10.145309
9.562503
9.703823
9.887395
10.490798
8.733330
10.121614
9.622942
13.532442
10.136268
9.726608
12.518272
10.631690
10.240370
12.473056
11.621036
10.459171
11.574094
9.446919
9.632965
9.336739
9.821407
9.247913
6.922972
9.077151
8.337996
9.968055
8.196461
10.614575
7.770694
9.939125
11.326227
10.341255
9.033443
6.430528
9.504885
10.372923
11.281164
9.858708
11.769762
9.546005
10.157521
9.414548
8.906967
9.881869
10.008737
11.419515
9.714445
11.600942
9.950503
10.671060
9.799747
9.975900
8.584014
11.441273
10.617441
9.580181
9.496192
9.113530
9.760386
10.008912
13.069344
6.874243
10.721643
9.694848
10.046317
9.918207
8.142445
10.885721
11.063857
10.858584
10.803150
8.872481
9.254282
8.549512
10.465324
10.417079
8.312556
13.857850
10.747428
10.538315
9.225541
9.039773
10.696875
10.580970
12.274936
10.110624
12.522897
11.599803
9.913611
9.975865
8.970906
9.405837
11.088042
10.207729
9.240531
10.399880
9.932557
13.027746
8.584497
11.139104
11.037069
10.011778
9.944016
10.041760
10.340024
8.704322
9.563278
9.725910
11.848209
8.651526
9.788867
9.721200
10.418913
9.227386
9.794772
10.591349
11.592802
10.978955
6.916384
10.750535
10.668252
12.917220
9.705718
11.486635
11.535779
10.885424
9.823570
9.338596
4.285000
8.478753
11.122818
10.423406
10.304031
9.666262
11.432063
9.519303
11.995539
9.292224
10.369364
7.995051
9.460309
8.864273
10.275151
11.908674
10.161293
4.018463
9.285175
8.883546
8.041049
8.250090
9.263744
12.189335
13.971061
9.825890
9.634326
10.720218
9.464293
10.791500
8.397221
9.203415
9.671115
9.734223
5.630579
10.174574
9.237713
10.708391
10.967496
13.245524
10.194138
10.241605
9.022594
6.973500
8.593646
10.137380
9.814690
9.987214
10.149726
9.972473
9.718435
10.980087
10.372250
12.170583
11.379834
10.599050
9.342558
10.300312
9.301293
8.102446
10.086203
11.824455
9.880313
9.389840
9.968192
8.054605
9.851413
10.970140
9.113945
8.447944
8.834620
9.448694
12.369287
10.157767
9.874543
10.039910
7.319565
8.794114
9.846629
8.929262
10.001031
7.289202
10.539916
8.652193
10.645521
11.292391
9.913037
8.807874
10.158704
9.843837
10.901027
7.544989
9.827935
10.845935
7.843393
11.501779
9.870222
10.349668
9.635890
10.156699
9.149850
11.014999
9.364106
8.515034
8.888146
10.678901
10.348830
8.293782
10.084751
10.125114
9.946305
13.034726
9.522759
10.856074
10.210911
9.509658
9.604407
9.839514
5.868906
8.677187
7.209400
10.417333
9.739916
10.256907
9.217794
11.659895
9.823318
11.850438
9.796708
11.063322
8.397221
9.352457
8.248729
12.313382
10.180271
10.097350
8.663915
9.076254
10.306962
10.252151
7.842264
10.063040
7.879592
13.372798
10.244332
11.985509
13.214379
10.402397
10.510502
10.517404
12.210955
9.793188
10.524355
9.828544
11.156260
9.757597
11.255115
10.449505
10.943632
11.255649
11.095452
10.015754
10.235124
10.125324
10.130482
12.701208
8.595566
10.917211
10.177708
11.053026
10.263117
13.108430
8.192481
10.242778
9.872541
9.863779
10.481000
9.410000
9.357056
10.058781
9.980676
10.280405
8.570168
9.987507
10.606045
10.508388
9.464605
9.551227
10.908890
12.859706
9.726996
10.586312
10.280748
8.906926
7.476322
9.967723
9.803444
10.579545
9.821247
12.143207
9.745113
9.279516
9.044630
10.020180
9.826765
9.587127
10.408280
9.528027
11.079595
11.080745
10.194271
10.298972
9.022908
8.336011
12.630272
9.754436
8.811403
10.551236
10.202934
9.817859
10.350747
8.414584
10.929206
10.129881
10.068984
10.529032
11.066938
9.433943
6.458800
11.447028
9.861310
9.641952
10.167717
10.738527
10.853869
9.302290
8.737631
10.236558
10.966369
10.020995
10.116561
9.775356
10.923475
12.914942
6.063074
10.261388
10.258736
10.840717
8.859109
10.327103
11.569393
9.701876
10.515565
10.309642
11.858776
9.574285
10.487646
8.145078
9.873640
9.830612
9.298433
8.645554
10.576699
11.122921
9.415050
9.746502
12.107224
9.357482
9.482973
9.314046
9.065958
9.518740
10.250870
10.208482
7.378449
9.496285
9.600932
10.401506
10.716710
9.447434
12.540473
11.508319
9.595492
8.809718
10.155961
13.092093
10.105743
9.790192
11.023216
10.423573
9.616203
10.109125
10.327089
7.609590
13.420172
9.986359
9.796220
9.933830
14.822726
9.778961
10.929647
10.223221
10.158840
7.938282
9.243194
9.992947
10.388352
12.039196
9.564223
9.028499
10.529005
9.340512
9.006285
8.690598
11.051597
10.213854
10.175852
9.861185
10.403752
10.665911
9.175027
12.938493
9.673705
9.017737
10.529294
10.036692
10.029278
9.964642
10.677417
10.310903
9.639360
8.686375
8.750651
9.380136
11.310542
11.030630
9.227501
9.990785
10.457395
9.130980
9.673636
12.744493
10.314468
6.699209
10.845506
9.463514
8.278083
8.653955
9.074156
11.269438
10.341745
10.746216
8.470018
7.406293
10.365439
9.632039
10.477023
11.162336
9.145148
10.462854
12.659666
10.526326
9.198693
8.936556
11.212731
9.993716
10.395674
10.238859
8.309771
13.220721
10.235103
11.077462
8.980468
10.021485
10.736202
10.070991
9.405970
7.761358
10.804568
10.274524
9.849507
9.525335
10.110455
8.300476
9.754420
8.165226
11.311613
9.837304
11.430024
10.237227
6.081619
11.231851
9.971580
11.695137
11.364867
11.220400
10.189372
8.664822
10.268099
10.442410
7.330141
11.938557
11.562329
7.443565
9.210810
11.045445
11.065659
11.229276
10.136262
9.266995
10.051315
8.309652
10.670007
11.296279
9.543183
11.968821
8.908110
11.229132
10.073510
10.018031
10.252547
11.180215
10.529755
9.899943
8.061969
7.123180
8.351985
10.420499
10.263451
13.461677
9.276328
10.277944
10.799165
9.257033
9.667010
10.779964
9.599187
10.383303
11.949281
8.764763
11.387325
9.810779
11.398183
8.586821
8.505624
8.406099
10.101672
8.640864
8.788050
10.445013
10.540732
10.092601
9.876323
12.348334
9.579027
10.238956
9.069648
9.507547
9.141661
9.762044
11.679054
10.076586
11.418715
10.398547
9.232238
8.214754
10.758749
10.839305
7.668671
9.156157
10.409501
7.887551
11.291532
10.421356
11.054141
12.793957
8.224248
11.064709
13.032812
9.157837
6.795818
10.030610
10.156903
10.317693
9.962494
10.349893
9.543525
9.936680
8.994690
9.420715
10.185219
9.522300
10.046329
9.257894
10.177493
11.713514
11.497944
10.036714
5.841709
9.248864
10.136213
10.160843
10.612598
11.757792
7.445275
8.403739
11.418358
10.053825
8.073594
9.572276
12.658286
11.251130
7.933187
10.305916
8.252303
9.602964
7.852477
10.115007
11.406421
9.356103
11.286794
11.115873
10.118219
9.847301
10.166297
8.528139
9.769388
9.838659
12.033025
9.340922
11.096134
14.596961
10.073600
11.571049
10.804113
8.950435
7.300093
6.579551
9.083050
9.092319
8.608069
9.595594
9.622217
9.760802
9.708370
9.958580
12.330227
4.809862
12.385804
9.473144
11.219787
10.293421
10.773797
9.720805
9.646222
9.120585
11.769151
9.846936
11.496540
10.418770
8.084423
9.116590
11.626867
11.071578
10.681748
11.039165
11.748589
10.233357
8.109956
10.334597
9.961478
8.654111
12.024162
9.159419
11.359819
7.843849
10.056318
12.461958
10.936491
9.243728
9.603309
8.875309
10.929710
10.898328
13.246785
9.683438
9.375912
9.574436
10.645832
9.663683
9.239681
7.200158
10.361638
9.809879
9.633502
8.533457
9.006680
10.899889
9.745829
9.808753
12.293387
8.329394
10.667541
9.325796
9.395374
10.222551
9.179622
10.727177
10.288624
9.056445
6.358573
9.993096
10.549773
10.794964
11.052125
5.611600
13.074308
7.818145
9.224610
10.623007
11.930192
10.671716
8.594998
9.911675
9.495050
11.100311
9.261864
8.617189
10.220877
9.791462
12.427752
8.941667
10.851920
11.230833
9.198915
10.379058
9.536168
9.275098
9.936995
8.589878
10.203222
8.608028
10.019754
10.420282
10.812765
7.732587
10.854613
9.956965
9.498818
9.336702
11.535743
6.821781
11.734458
10.298849
10.122507
9.919658
10.362956
10.400666
10.115277
10.651184
9.502775
9.343031
9.527256
10.728221
9.632692
9.891463
9.043540
9.944075
12.276581
9.680895
10.295064
11.685014
10.426346
10.328809
10.701754
9.511912
10.916742
9.909456
10.027223
9.516366
9.070078
10.460861
8.335148
12.395198
10.616083
12.105956
11.538883
11.177931
6.818171
10.311767
8.890853
11.286990
7.292556
10.603313
7.627978
10.062729
10.157194
8.075951
9.210623
11.913805
10.664914
9.844407
10.886101
9.671822
9.741772
11.166693
10.253006
8.659525
10.770298
8.883747
9.135970
11.886145
9.616140
10.368254
9.865824
10.735522
9.852380
10.310745
10.593889
10.206062
9.044643
10.512821
10.121695
9.837971
8.145774
9.666281
9.849723
7.572728
10.271022
9.493932
10.248137
8.582266
9.438470
13.337511
10.106803
11.339967
9.982696
10.890265
8.961957
6.623355
8.835578
13.283302
7.845865
8.332327
11.109153
9.925600
10.873318
9.620375
10.254842
10.781962
9.723713
13.031824
7.875678
9.316434
9.743030
10.100103
11.064972
10.388909
12.729969
11.098209
9.385230
10.820242
10.787981
11.224678
8.019511
9.478997
10.300764
12.787910
10.539016
9.824609
9.968492
9.978485
10.532900
9.542028
9.392995
9.998929
6.447687
9.643331
10.286604
9.634246
9.419619
9.695245
9.027489
9.823797
12.572886
12.515556
8.371201
12.218763
10.594014
11.440953
10.676280
10.035341
6.510955
10.192513
9.635252
10.347684
9.883715
10.615784
10.385142
11.355712
10.185543
7.601330
10.576101
10.604274
10.353553
7.847058
11.304596
9.195499
9.135886
10.190443
9.912563
10.730444
4.050301
11.439366
12.416173
12.421438
10.040130
11.745981
9.571093
9.259955
12.398536
8.922739
9.299703
10.040206
11.386055
12.102140
9.601323
10.141416
10.287932
10.419550
11.565059
9.603518
8.486891
10.229692
11.424643
9.812809
9.278089
10.220425
11.196474
9.012967
10.836059
9.734344
8.111125
6.712844
8.438466
9.006128
8.486560
9.902040
10.469294
12.789801
11.719095
10.185569
11.250071
10.274846
9.731338
9.691906
10.342405
9.096401
11.788263
9.417781
10.213076
9.760412
8.960509
9.596258
8.862361
11.077633
9.869059
11.071138
8.705749
9.618489
9.885466
12.265666
10.442844
10.159231
10.399140
8.531933
10.573489
9.107113
9.169736
12.358594
10.259012
8.456425
9.654225
9.673403
9.798342
10.754446
10.222767
10.011691
9.647110
10.646662
9.715747
10.104596
11.047115
10.339558
8.004622
9.346322
13.622019
11.126560
9.148107
10.190944
10.222609
9.985555
11.864321
10.762983
9.771778
9.688322
10.567430
4.750951
13.353666
11.045055
9.652738
10.318792
9.762195
10.202530
10.348323
10.039871
9.734345
9.644368
9.926311
14.079497
9.860038
8.963616
9.503250
9.082469
11.189806
11.247406
9.522463
9.435772
12.459634
9.907644
10.002371
9.742451
10.576283
8.353468
12.223945
9.415312
9.623200
10.313022
8.598218
9.407255
7.604341
9.897600
11.101298
7.182796
6.921529
9.478185
11.410274
13.780327
8.914666
10.478798
9.160297
9.329194
11.649767
10.458511
8.630685
8.767536
12.255223
9.857874
10.273359
10.221343
15.017319
10.828873
10.926769
10.334447
7.906796
9.967535
9.705318
10.895462
11.004069
8.432708
9.736022
15.741022
11.855341
9.586888
10.223562
8.520811
8.872779
11.240234
11.163499
9.803855
10.129240
10.052290
10.381827
11.394388
9.653677
10.317954
10.545192
9.264703
11.061449
9.649458
9.397062
10.454511
9.885616
5.868104
6.175674
9.964219
10.648006
8.308471
13.048281
8.920798
4.913189
9.547553
8.986346
11.590682
12.604386
10.342831
8.360077
11.133926
8.644329
15.762504
9.445579
8.814820
9.703006
11.097337
7.802938
10.310841
9.079357
9.457884
8.198957
9.383940
9.920593
9.201738
10.535038
9.414019
8.260729
12.146159
9.856718
10.399871
10.901618
9.506514
12.031713
10.457297
10.548178
7.759485
9.724310
10.397791
11.274491
10.437512
9.239481
11.106697
10.731575
7.656161
13.059062
9.459098
10.026231
10.155244
12.716449
9.912944
11.265011
9.271826
10.707879
10.535545
11.222243
9.815246
9.815919
10.244329
10.337524
9.331006
8.923365
8.687835
10.435540
10.993556
9.978323
9.460253
8.797701
9.574432
8.486968
9.997016
9.251410
9.291124
10.698585
12.765271
10.644809
7.166941
9.068914
9.180756
9.102537
10.161154
11.333758
10.464265
8.991088
8.743831
10.314120
11.784872
10.530535
9.701111
10.089925
8.701826
9.789177
11.961913
9.983219
10.831368
9.542849
7.719142
7.750084
9.629759
10.019707
9.523074
10.213759
10.242647
10.331801
10.373518
11.093256
10.538482
10.372495
11.112112
5.355529
10.126675
11.094510
8.781134
9.693311
9.851298
10.305677
10.234001
10.685522
9.881903
9.524425
8.234489
10.321222
10.100358
10.398952
9.593500
10.483846
9.828505
10.917324
10.041835
10.423642
11.104126
9.825289
9.035441
10.423370
9.982939
9.770429
11.786307
10.205496
7.888531
10.506301
11.724791
10.576516
9.441005
10.702066
11.584945
9.666451
11.885585
8.706827
11.069769
8.032859
10.322464
10.471313
10.182004
10.185833
10.157464
11.362036
9.860695
9.132759
10.388276
10.645394
10.173348
11.102931
9.442783
9.255841
10.314212
6.992667
11.744264
9.931012
11.108490
9.728771
10.328142
10.488252
9.580489
10.426677
10.050620
9.771862
10.277274
10.883499
9.805895
6.233822
10.662377
8.663892
7.887847
11.310590
11.939178
9.626115
11.810110
14.020875
9.933397
11.473200
10.208103
9.293949
9.810932
9.226037
9.381369
11.083139
9.273141
8.034033
10.667149
11.170358
10.821878
7.952273
13.274491
10.887790
9.677883
9.714484
10.539588
10.738289
10.230651
11.308467
8.377560
9.084519
9.497397
10.136915
11.070138
10.544963
9.655363
9.809381
12.079023
10.544168
7.419792
10.183626
9.969052
10.275142
9.893858
10.748984
10.690213
10.437205
9.684769
10.645257
10.591761
10.482899
13.656571
10.667242
11.144926
8.534422
12.209506
4.550676
12.148157
7.439223
8.930449
8.136020
10.881360
9.960187
9.815166
10.760109
7.828330
9.225862
9.351395
10.606007
8.538599
6.791883
8.338631
10.529371
10.286532
12.074965
7.651131
10.150529
9.864731
11.113277
10.253031
12.443903
10.043976
11.561713
10.940937
10.952472
10.977983
10.325157
9.365594
9.290692
7.732506
9.924962
10.058577
11.887150
11.509535
9.819129
9.966292
10.512265
10.998028
7.617872
9.573550
11.266429
10.224919
10.007437
9.660743
8.229548
7.389248
8.501307
10.097635
9.587134
10.423671
10.020545
9.476932
8.162349
9.285937
10.849835
10.133410
10.221952
12.446093
13.301123
10.081712
10.408979
9.927850
9.946820
7.182114
11.930246
10.750795
10.854043
9.774847
10.395064
9.987270
10.424312
9.903864
10.210173
9.502802
10.477973
9.897200
9.341935
9.862907
10.071037
11.012630
9.042199
8.124218
9.323149
10.245860
8.067819
12.829479
9.556472
15.054055
10.675492
10.016986
11.930487
9.561331
10.634908
9.959550
12.936893
8.262873
13.381932
10.047434
10.886572
5.694851
6.609146
8.875113
8.681755
11.294277
9.788112
8.437949
11.589628
10.573543
3.619899
9.850351
8.941711
7.094705
11.516435
4.180742
11.363394
11.443878
10.098432
9.831920
9.810325
9.089168
8.688663
14.306560
8.836421
9.963303
10.263124
11.135181
10.517220
8.623816
10.373255
10.990724
10.727420
11.537362
10.576868
11.197642
13.364785
9.379143
9.430388
11.665105
10.506829
8.632338
10.754504
10.394646
9.137332
9.729652
6.632414
10.051835
11.973497
10.408362
9.317892
9.886603
9.086890
9.285901
9.750832
9.925446
11.713116
10.956654
9.108675
9.530753
9.953377
9.832072
11.600885
10.188960
9.372913
11.390242
8.859462
10.442696
9.828150
9.146813
12.158060
9.437387
11.090592
12.829453
11.112562
9.904683
8.521088
9.523488
9.729295
10.158256
10.181393
12.470397
9.916926
8.752638
11.032786
10.089593
9.096537
12.627386
8.985620
9.935542
11.704809
11.235638
9.639145
10.321652
10.130883
4.268125
9.976813
14.677156
10.860289
10.975410
8.804464
10.287622
10.066321
10.340719
9.484104
9.830821
10.013627
9.689170
9.313561
17.307667
10.284980
10.815894
11.414774
10.553441
11.690458
7.532982
8.282730
9.898482
9.952110
14.166497
9.598743
9.785217
9.978268
9.993411
12.317786
8.001264
9.189716
11.788587
10.012878
9.764344
9.991820
10.479233
9.894579
9.580938
11.048480
10.227078
9.291511
11.532235
8.205814
11.010950
9.351618
8.062078
8.429593
9.560022
13.032429
9.985191
8.829980
8.323077
10.163625
11.828140
8.084421
9.507581
10.892206
9.213331
10.153366
10.221361
13.126416
11.401654
10.495924
10.285506
12.421706
10.594350
12.418803
10.327901
9.770509
9.941614
10.735476
9.825440
9.938487
9.914327
9.271773
9.630043
9.846768
11.802490
9.907652
7.615839
10.811326
10.002397
9.247376
10.585302
9.059974
9.881957
9.320565
10.258326
12.376005
10.243637
10.463442
7.463686
10.021777
10.017921
9.937069
12.369190
10.017119
9.791831
9.631250
10.991405
10.678614
9.600823
12.835759
12.036449
9.825481
7.472486
12.773651
10.112072
9.639588
10.743157
9.533714
10.320418
11.351622
8.489394
9.719843
10.660789
10.955931
9.300635
11.504682
13.256978
10.742303
10.825511
10.062387
10.036014
10.064525
8.856204
10.631830
13.553770
10.495959
10.083637
9.679792
9.632829
10.440727
8.473953
7.277573
10.585801
7.300710
9.656342
12.019062
7.304600
9.879613
10.472271
8.577250
9.371062
9.276125
9.185529
10.350927
10.645125
9.868646
10.612486
9.869217
10.213083
10.833637
9.988133
8.888349
10.058964
9.830071
10.172988
10.245405
9.563514
9.771463
9.879190
9.245116
9.570727
10.463420
5.987415
9.808835
8.773133
10.192706
10.064829
10.004837
10.694428
10.004475
11.899176
9.834568
9.900663
8.597277
10.212578
11.044119
13.203293
8.075517
10.627510
10.676626
7.370382
7.845088
10.707041
9.107894
9.921573
9.264023
9.595764
9.949684
14.320474
9.079309
11.643303
9.964166
12.475696
9.908847
10.602857
9.727712
8.354280
10.259790
9.260342
12.421484
8.058907
9.971563
8.073634
9.629285
9.478698
12.908675
8.763074
12.641640
10.385995
11.240817
11.774487
11.167827
10.728109
13.346761
11.593226
10.011529
9.097028
10.313606
8.908232
10.025428
9.920476
10.302647
15.028304
10.280147
9.467263
9.984773
10.178894
10.076203
11.313882
10.139904
8.951738
12.029830
10.344230
10.537263
8.230103
9.235452
9.534296
9.715187
9.596954
7.795275
10.642424
10.036340
9.237348
10.363374
10.364760
11.218201
10.683079
9.924905
10.279780
9.530580
11.721544
13.498608
10.093455
11.939345
9.035729
9.860807
12.095462
11.112843
8.568371
11.908517
8.377404
9.892986
10.591385
11.173455
10.513781
10.980755
9.847263
11.010915
10.033814
10.759022
11.360738
6.956245
10.284299
8.914808
8.826678
10.660716
10.868453
10.204843
9.852036
11.577249
5.534715
12.661033
7.891123
10.070250
11.479015
8.826625
8.713216
10.661576
10.529387
9.865020
8.777523
10.362859
10.857379
7.782249
10.321693
10.516788
11.460302
10.142653
9.955499
11.401097
10.156587
11.283983
11.264280
10.225091
10.405442
10.900578
10.739677
10.933303
10.514362
10.955544
9.572463
10.420988
10.629196
10.909319
10.440088
10.572103
8.845740
8.572059
13.980230
10.233789
8.434709
9.159759
10.133920
10.822266
10.529327
10.857594
10.396993
11.141525
9.403091
9.751814
10.501138
10.109619
8.704009
7.850982
10.081086
10.468337
10.151362
9.823185
11.789829
9.241600
12.128970
11.744237
8.284143
9.507048
10.424276
11.072487
11.867394
9.678953
10.037459
7.501500
10.537130
9.674078
5.989669
7.983960
9.878694
9.970207
9.482087
9.464942
9.441021
10.859814
10.439001
8.083809
10.463292
10.078434
10.051734
11.344109
11.320340
9.541891
9.836753
10.508622
8.932021
10.217183
14.602705
12.350517
8.801807
12.095137
10.315590
11.532334
9.427586
11.046565
11.118845
9.572845
10.412616
9.023417
9.430024
6.370242
8.860336
9.095737
4.665297
9.184670
7.112055
10.631186
10.282067
9.860552
12.856275
9.775848
9.769488
9.963201
8.374238
11.719758
10.187163
9.984022
9.905212
11.060077
9.872995
8.965401
10.799343
11.081983
8.229985
6.082039
11.721570
9.711176
10.375074
10.075349
11.475967
9.891940
9.183193
12.347469
7.841932
9.652472
12.436315
8.263138
9.401196
9.044295
11.672712
10.337087
8.905785
9.960564
12.220968
9.891020
10.268759
11.290062
12.517798
9.267038
9.687624
9.725678
9.657897
10.085179
11.366146
10.063274
10.709230
7.480359
9.537247
8.815695
10.513548
10.992601
9.281323
9.573618
7.557388
9.920044
9.302988
12.049009
10.197375
12.071788
13.835078
9.897555
8.924280
9.854349
8.639324
8.967924
10.600633
11.075794
10.144760
13.733716
9.613783
8.996483
9.908081
10.692271
10.004349
10.513539
11.402704
14.030553
10.314804
10.559893
9.761950
9.453456
9.725523
7.598498
8.762007
9.718145
9.892300
8.225109
10.746034
7.237186
11.542672
9.883044
10.015950
8.410814
9.346007
13.223937
9.967848
9.091219
10.247182
11.052365
8.772339
8.660415
12.996675
11.271794
9.444941
7.321542
10.270664
11.930144
9.863618
10.173466
10.325853
11.448457
13.414885
10.783661
9.904241
10.877437
11.039803
10.441176
11.242429
10.556243
9.497491
9.448510
10.418532
9.426007
10.594451
10.337941
8.613099
10.790019
10.239156
9.818913
8.341967
9.383159
8.230359
9.421674
12.679576
9.697997
10.639389
6.036057
10.228163
11.576365
7.598782
9.866872
11.682973
11.059466
10.303722
10.298167
9.604218
9.621015
10.766300
10.556424
9.377447
13.676037
14.402230
7.690435
9.530278
9.456054
10.006672
8.300860
11.956978
11.141007
8.857885
11.530469
9.526504
9.038031
11.227942
10.103627
10.895303
10.307601
6.889575
11.601564
9.384376
7.643501
