5000
6.773545
4.148445
4.894270
2.394076
2.554039
5.278839
5.552089
4.575355
4.283609
4.427547
5.917943
5.126464
6.835379
6.854087
5.588898
7.134816
3.868951
5.217191
5.933687
5.901841
4.498850
4.803558
5.331944
5.307763
4.508600
5.578525
4.605979
4.206778
5.288022
4.919104
4.500187
4.344792
3.855113
5.186902
3.809380
5.779790
4.216836
2.903015
3.499534
5.642585
3.969628
6.441541
4.884022
5.209121
5.402391
6.816750
4.792204
5.209946
4.079087
4.794257
5.296786
5.067258
5.247725
5.172255
5.695467
4.565946
5.547654
5.561367
4.399345
5.846824
5.362399
6.017651
5.067859
4.709204
4.465169
6.535605
5.474683
3.819426
2.066685
4.665787
5.804254
4.626417
3.788748
5.583863
5.173511
3.102815
3.445482
5.135081
3.844129
6.483653
7.196480
5.118155
5.293513
4.659001
4.508789
4.875486
3.220152
4.569860
6.839599
4.871703
3.447115
3.773095
4.541144
4.213786
4.757615
6.429143
3.080308
4.884663
3.910974
3.708396
7.368399
4.722766
4.125834
5.481764
5.893756
5.362233
5.561378
5.987736
5.753220
5.102102
3.445490
5.457071
4.470103
4.416410
4.477970
4.734408
5.083820
2.925909
4.686261
4.515182
4.937717
3.375446
4.782766
4.547334
3.910682
3.992314
5.923053
4.899810
5.622480
2.824174
4.874799
6.477351
4.218311
3.305164
5.952127
4.301296
5.680108
5.111829
5.884700
4.696939
5.249492
4.105038
4.020575
3.953699
5.245786
4.029020
7.538063
4.421414
4.306506
5.702478
5.093406
5.623609
5.504525
3.267714
4.164242
5.365855
4.044546
4.208990
3.664757
7.137686
5.188103
4.270426
3.550245
6.901567
4.996930
6.229781
5.914444
5.526249
3.652320
5.481338
5.116948
6.488399
4.085441
5.473967
4.956971
4.727405
6.013773
4.820592
4.874578
4.814718
4.818713
7.113901
3.741164
5.240525
6.950618
5.988173
4.975613
6.280428
5.417807
6.125394
5.463497
6.769625
2.675916
6.642740
4.952248
5.704496
4.553125
5.763446
5.610647
5.547953
3.117745
3.487713
4.122360
4.510617
3.654253
5.707731
4.657499
3.503799
5.367899
3.572750
6.033189
3.876034
4.306120
4.620529
5.437715
4.409919
5.203797
5.859973
5.292900
4.984628
4.247239
2.908469
4.709624
5.541630
3.637741
3.734062
4.586595
4.747525
6.908737
5.240995
5.041961
4.012557
5.746764
5.979304
6.207844
5.026926
3.915768
4.116411
3.365595
6.210674
5.911506
5.232660
5.348428
4.403549
5.988405
5.856856
4.981272
5.313180
6.154124
4.733165
3.136932
4.747472
5.784635
4.689243
4.655367
5.801811
5.635418
4.643151
7.676291
5.032708
4.813660
5.195895
5.230694
4.920378
5.012006
3.828544
3.549229
3.948725
6.836634
3.651163
2.720896
5.386596
5.207826
5.777820
4.851748
4.136283
5.940865
4.790411
5.291591
3.716030
3.975630
4.817841
5.839491
4.634218
4.270388
6.407064
5.251014
4.776477
3.665867
4.276718
5.695593
6.214220
4.354656
4.142883
6.880200
5.047243
3.842463
3.713714
5.346258
4.997150
5.926645
6.233903
2.987370
4.061940
4.757023
8.016415
7.240401
6.207108
4.814151
5.079635
4.919294
5.279629
5.182579
4.656283
5.129352
5.928568
4.338886
4.607360
4.496555
4.585267
3.152914
3.926574
4.258387
5.282722
6.824443
6.477393
3.737925
2.943701
3.923420
7.838203
4.422204
4.834619
3.668058
4.893934
4.836222
5.174587
4.390955
6.902172
5.642096
5.052770
3.586454
5.575126
5.520170
4.545118
6.161794
4.856534
4.797095
7.155732
6.361303
6.418721
6.151443
5.677242
6.330560
3.966274
5.212890
2.990557
4.951314
5.154609
4.045379
4.608431
6.367243
4.146846
7.100613
4.636906
5.440028
6.434134
5.044503
4.806489
6.096767
7.550085
5.483230
4.484148
6.166433
5.480807
4.997776
4.243475
4.056018
4.212518
4.771505
4.341214
5.114926
6.167578
4.917697
5.097164
5.104782
5.499093
4.001898
4.969811
4.002422
4.169109
6.567637
5.958798
7.653661
5.816593
4.553832
3.276181
5.437505
4.620715
5.725994
5.643996
6.522567
3.821346
5.486922
6.153759
6.019140
5.238388
4.840909
7.351188
3.302817
4.788033
5.137818
5.196739
5.409524
3.397366
5.500498
4.154078
4.971461
3.888437
5.558685
5.096530
4.595526
5.323027
4.738360
3.834492
4.796733
5.205185
2.268064
2.499346
4.869837
4.444844
6.062252
3.128268
6.245576
4.438495
4.133090
4.581676
5.254922
3.682078
4.716420
6.063343
3.446060
4.459129
4.835670
4.902211
6.779254
7.233650
5.298206
5.651194
5.909712
3.549544
4.555181
3.334060
5.164935
3.957018
6.792285
4.156309
7.391067
4.228363
4.836866
4.651055
6.045890
3.332161
4.692768
6.316109
5.505116
4.546612
5.863411
6.439760
3.767477
5.702828
4.332530
6.300197
4.734379
5.288192
5.135973
4.915479
5.709569
3.781710
5.517566
5.748384
3.692504
4.818834
6.142050
5.062783
6.555610
4.154503
4.447849
5.894435
4.196102
4.645727
3.984361
5.064289
5.842660
5.437046
4.702240
5.691660
5.078154
5.898943
6.177407
4.973254
3.954943
5.907868
3.058370
2.964110
5.073804
5.069134
6.500546
5.690065
4.770080
3.248291
4.939006
4.625892
5.714022
5.571935
5.342772
5.293527
5.138353
5.280012
5.272361
5.635121
4.974884
5.327131
5.196412
3.790803
5.038646
5.120936
5.819483
4.359024
5.010949
4.617439
4.999303
3.667095
4.425590
5.418828
6.082986
5.282130
5.271624
5.923918
5.957315
5.178255
5.671697
5.187498
5.166675
4.254447
5.458860
4.275762
4.570396
4.537716
3.950405
5.911056
5.740914
4.632553
4.399276
5.726234
5.406417
4.440645
3.833228
5.326066
6.313770
3.703986
4.822597
3.888862
3.721621
5.524638
4.451227
6.041320
5.420209
4.315313
4.776477
5.160026
5.040369
3.426218
5.170184
5.605393
5.144839
3.492782
5.041586
4.197103
6.201461
5.604843
3.901122
6.253999
3.572534
4.556829
3.986320
6.942976
5.258963
6.256093
4.622237
4.119723
4.802821
4.198673
6.008063
3.848349
4.620828
4.625017
5.666154
3.677802
3.910680
4.246379
5.880627
6.553224
4.285144
3.863733
4.177431
4.927673
4.882636
6.833072
4.005540
5.061501
4.951697
6.221220
5.210613
4.370777
4.465911
6.924935
5.961181
5.073439
4.703282
4.420597
5.677831
5.499684
3.640246
4.905128
5.148229
4.549214
4.072831
5.319115
5.805690
6.560607
6.322988
3.701696
4.838823
6.124763
2.791141
4.521170
3.034190
6.252708
4.330563
6.232519
4.548334
6.788463
4.807732
3.759142
4.198765
4.243483
5.747002
4.540380
4.111890
4.951979
6.718314
2.616909
3.478780
3.918293
4.229855
5.829792
4.504273
4.925047
5.361068
5.397147
6.509272
5.661881
7.404033
4.294484
4.984483
5.290751
5.411697
3.369693
5.789260
4.643392
3.131020
5.242649
4.175381
5.196489
5.134431
4.658446
6.232857
4.301180
6.569088
3.558119
4.747662
8.152200
4.191886
5.539741
4.771105
5.220675
5.399756
4.677894
4.669438
4.194074
4.821079
6.818555
5.485126
5.652674
6.783425
4.589137
4.373918
4.689268
3.284464
4.990552
5.358455
5.067567
5.952016
4.355199
4.392068
4.367365
4.576844
5.705768
5.787296
4.913543
3.720081
6.503631
4.971815
4.867958
5.224365
5.098565
4.147722
6.288429
5.115203
5.957457
4.332241
3.795951
5.339074
4.907527
7.644851
4.973581
3.154476
2.920264
5.096129
4.258371
5.218423
5.060041
5.005683
3.520635
4.672571
5.332144
6.555774
2.913175
4.996394
4.988228
3.862822
3.671515
3.631440
3.051651
3.637841
3.625483
5.495408
4.418395
4.632583
5.142340
5.413165
6.021558
4.835483
5.627894
4.619712
4.774610
5.118780
5.566792
4.496432
4.560703
3.985411
4.929047
5.318728
5.819674
5.206433
5.113203
3.010425
4.540013
5.452698
4.707974
5.992097
5.328642
3.671773
3.726300
3.778164
2.735851
4.275182
3.908586
5.985612
4.988646
3.785354
4.367957
4.636737
6.976446
3.456847
3.712423
5.258845
5.310737
6.362594
3.756011
5.582008
4.950744
6.344681
5.528611
3.782177
5.486689
7.006103
6.026295
6.847255
5.844725
4.510561
5.479322
3.931020
3.518330
5.733951
3.846580
5.158060
3.916825
4.285381
4.542208
2.296137
4.630423
5.272842
6.196959
5.912569
4.791292
6.738142
4.039341
4.381976
4.977701
4.663724
4.750736
4.107425
5.707886
5.596359
5.096501
5.176105
4.526893
2.964696
4.843794
6.629851
4.116276
4.384516
3.306227
3.833207
5.068760
4.095689
4.590692
5.935300
4.976842
4.959445
6.093529
5.178588
5.667865
5.766305
5.722245
4.803650
4.252780
5.193895
3.194973
5.638250
6.478645
5.098570
5.216063
5.468805
5.644512
5.243462
4.272193
4.374365
4.295948
6.259943
4.314120
5.143704
4.829894
5.405980
5.486973
4.389949
4.045794
5.536693
4.123139
5.350195
3.838991
4.937952
4.508273
5.137282
5.493968
5.804416
6.634775
5.369330
4.991253
6.681726
3.565031
5.869791
5.100752
5.106330
2.981101
6.577832
4.644585
5.720318
5.709681
4.813018
3.878375
5.104206
5.324698
3.978723
3.363688
4.872224
5.466702
6.933969
5.454520
4.846345
5.041094
4.899893
5.490792
5.345438
6.165656
5.612586
3.960385
4.588807
4.966365
6.073338
6.212956
5.583356
4.941632
4.983056
5.621194
4.072907
5.915054
5.007773
4.876762
5.606092
6.668310
5.645169
5.201318
6.671120
6.139674
4.586626
4.575371
6.472298
2.823299
6.085973
4.645372
5.302981
4.983259
2.988418
4.883502
4.056069
5.819183
4.680604
5.979625
5.131609
5.622976
6.265232
6.577175
4.342972
4.381763
6.353386
5.871094
6.027821
5.013952
4.092746
7.914989
6.047433
6.023202
5.497779
5.354377
4.460601
3.991080
5.044259
4.858510
6.319299
3.916565
5.089543
3.709093
4.701340
3.744590
4.968549
7.360426
4.847135
5.478423
6.082114
5.422000
2.668791
4.342000
4.844729
3.854359
5.819678
7.043970
4.448704
5.096425
6.046456
4.306994
4.784425
8.240919
5.609621
5.281448
5.159292
3.333736
4.911477
4.021093
4.699884
4.729868
3.511400
3.884898
5.237594
2.595476
3.506359
4.438631
6.712647
4.835717
4.619338
5.901978
4.378369
3.817301
4.499739
6.258483
6.921474
5.114019
3.670759
4.691642
5.669200
3.552722
3.977279
6.285892
5.468386
4.760705
4.978273
5.505394
2.460470
3.191931
5.630272
5.332790
4.190502
5.183895
3.476686
5.667388
5.405046
4.669978
6.303304
3.916381
5.538604
5.629022
5.827952
3.854499
4.260268
4.277389
4.975621
4.963321
5.254388
4.505493
5.041315
4.297621
2.398798
6.149491
5.082710
6.046768
3.101735
2.906138
4.720029
5.001538
5.926160
4.631844
5.075662
5.123663
3.568422
5.263424
3.671405
4.076291
5.795166
5.006665
4.829867
4.076177
3.906227
5.329274
4.097373
5.216318
4.652657
5.857274
6.405149
5.073235
4.014947
3.526478
6.720942
4.865657
4.989121
6.858651
5.510052
6.789736
5.715516
5.694165
4.797377
6.206472
5.032157
6.214396
5.114659
4.475147
5.464223
5.542442
5.049637
4.260958
4.101228
3.076122
6.606123
6.277791
4.916578
4.594698
5.154489
3.754434
4.396605
5.714506
5.146787
5.236532
5.321936
5.529265
4.926308
4.276609
5.039885
5.605215
4.236157
4.248648
4.437171
3.610499
3.670536
6.862485
4.784090
3.529080
3.925717
3.157221
4.140716
5.928489
4.990784
5.844683
5.219163
3.371409
4.323855
6.454097
3.730117
6.028335
4.978195
5.086658
5.575941
5.037253
4.948262
6.087887
5.413389
4.797683
2.538507
4.839330
5.681892
3.727005
4.586883
4.660612
5.350089
4.798991
5.198536
5.749588
5.186864
5.459156
6.187895
4.809857
5.228522
4.245940
5.411827
4.786606
3.669287
6.078595
2.848353
4.960771
4.821545
5.895779
2.592677
3.331324
6.270718
5.124604
5.581148
4.884912
4.521508
4.552800
6.785013
5.634068
3.872381
4.014941
4.780524
4.592823
5.745309
5.496368
5.885613
4.740942
4.940129
4.989446
6.164757
5.623774
2.903900
5.219481
4.816770
6.559721
3.829928
4.156782
4.730758
2.839523
3.092244
4.730438
4.792227
5.676817
6.355759
6.167284
5.727222
5.058405
4.683436
6.687754
5.702270
5.862559
6.026307
5.146540
3.903760
4.088325
5.299138
3.631818
5.941619
4.070278
4.519771
4.344890
8.540599
6.166590
4.947310
3.844988
3.129736
5.864705
3.739913
3.979659
6.196842
4.655564
5.010195
3.698799
3.788335
5.207822
4.760258
3.977650
5.642083
5.265346
4.095937
4.861587
4.756598
5.013187
6.541696
4.841651
6.382578
4.517169
4.466344
4.893181
5.643051
4.472498
6.512655
4.887537
4.547053
4.816022
4.645063
3.857281
6.225377
6.373266
4.876650
5.058141
4.686860
5.992401
4.603072
6.135956
5.970887
4.622509
5.260769
5.221479
3.623844
6.186444
4.352435
3.956969
5.408294
5.528451
4.189355
6.190566
4.027567
6.953801
3.556819
5.877968
4.424576
4.950659
4.815770
5.434618
5.370962
7.688978
4.595065
4.733508
3.768303
5.148192
6.021728
4.008903
4.768949
6.422505
6.239379
5.388740
5.454383
3.778503
6.510173
5.881780
5.046946
4.026091
1.733150
4.723936
6.875710
4.879521
5.840609
4.441787
6.554306
5.498452
4.002955
3.330345
5.632785
3.718184
1.850509
5.493705
6.752798
4.690843
5.259723
5.189781
4.035648
6.222682
5.152454
5.883965
5.267529
6.006636
5.155153
4.287407
4.897105
4.247191
3.030011
5.436237
3.314561
5.583127
4.805839
5.720393
5.872483
4.902008
4.914018
5.258223
3.196299
5.396902
5.553991
5.336055
6.000980
6.213335
5.117211
6.971836
5.347226
4.484341
4.818302
6.694747
4.294300
6.253915
5.488293
6.275301
4.330469
5.332108
5.281956
4.945612
3.041662
5.860958
4.084377
4.456053
5.063871
5.262837
6.003368
4.605510
1.469944
4.334220
5.677618
5.184930
5.302736
4.568761
3.258859
5.187120
4.105023
4.753147
5.353777
6.375299
5.014756
5.226926
3.761224
5.745685
4.427066
5.129063
5.949046
5.302206
4.021101
6.171049
5.025223
6.716652
5.886591
6.574845
5.655000
3.847648
5.834769
6.025715
6.083131
5.558696
6.864893
4.788381
6.135204
6.689034
3.572178
6.251284
3.055936
4.243378
4.691343
7.240856
5.548682
5.464216
4.312346
5.234190
5.239985
5.735563
4.875446
4.996531
3.359176
4.984731
5.398715
4.383825
5.675509
4.648036
4.439574
4.920381
5.560982
4.493163
4.599192
5.434436
5.863621
6.243110
5.276606
6.607589
4.009929
4.226575
3.661710
3.607621
3.497321
4.061261
5.232246
3.409940
6.796821
5.717202
4.645164
4.042930
6.373090
6.231515
6.540578
5.384585
5.311609
3.855976
4.666458
5.223680
4.676365
6.865736
5.664060
0.767984
5.078007
7.181284
3.933069
6.058976
3.930171
5.412015
3.322869
3.894592
4.989879
3.965502
5.348365
3.474263
4.985925
5.385896
6.745193
4.111617
4.686721
5.708690
4.742343
6.506619
3.432032
5.894859
5.979218
2.688561
4.261397
4.760746
4.948126
5.171418
5.137422
6.385164
5.694847
6.020626
5.701761
5.249570
6.218029
3.768886
4.956841
5.132658
5.106641
4.473643
5.882317
5.858340
4.340650
6.178097
4.151214
4.725430
5.906271
2.870002
5.216300
4.841561
4.867471
4.553287
6.616166
3.565959
5.952516
5.031523
4.193473
4.486797
3.333805
3.795715
3.821323
5.723233
5.451812
5.255462
5.938371
5.023331
5.044308
4.693058
6.501197
3.466215
6.619785
5.415783
6.205122
4.851792
3.197670
4.960111
4.244180
5.920324
4.899438
3.028963
6.059964
3.644156
4.998831
6.252584
3.370137
3.472819
6.693412
5.304534
4.071413
5.281165
5.453390
4.944883
4.144978
4.525813
2.778030
2.711012
4.970574
4.038378
3.603199
4.779040
4.526307
5.420527
3.875653
4.469337
4.227638
3.922887
5.650992
5.683701
6.603551
5.017963
3.504351
5.578333
4.632880
4.133076
3.804764
3.832359
5.153684
5.251458
4.425023
5.606087
5.169684
3.909766
6.560205
4.433030
4.126960
5.100346
6.792535
6.918022
5.850781
6.023237
5.787101
5.082815
5.567122
4.723689
6.020878
5.212755
6.571995
6.306996
6.156540
5.462886
3.504326
4.351866
4.073069
5.282810
4.404541
4.936979
5.747900
5.269417
4.375234
5.133972
5.573184
3.999528
4.553919
4.305254
5.790928
6.773212
5.006373
6.524241
5.562262
4.638744
3.589312
4.457163
4.687286
5.444469
3.515707
6.242171
4.735253
5.891821
4.448910
5.919649
3.497454
3.075499
5.085412
5.177834
5.797367
4.944532
4.882744
6.293033
6.513656
4.928672
4.272656
5.343199
4.438360
4.871704
2.335661
4.622287
4.007542
4.638077
5.962711
5.975058
4.009204
6.251066
5.795425
3.932273
3.916502
4.640759
4.234679
4.392681
4.452583
4.090337
4.146019
3.625518
6.355652
4.688116
6.253067
5.610504
4.773868
6.284992
5.302578
5.170270
5.584822
6.111535
4.200834
5.158294
4.971657
4.722216
4.193909
6.609057
4.256028
5.702814
5.832724
5.231550
5.674747
3.748191
4.015743
5.910005
5.901551
6.441324
4.831826
6.868595
4.525699
4.234495
5.302433
5.548457
2.970283
5.251387
4.627461
5.323808
5.420942
3.373146
5.309786
5.142785
2.890190
5.436389
6.340639
4.728114
6.039452
4.827212
4.717133
5.369715
6.057667
5.659873
3.937575
6.617529
4.897259
5.969419
4.257544
6.104097
4.763076
3.454920
6.573179
6.272170
5.231052
4.891913
6.114420
4.179838
5.572650
5.715151
4.845134
4.749794
5.146388
5.998462
5.075731
3.656137
4.493531
5.421354
5.473797
6.055425
5.219538
5.904055
5.013718
4.766459
4.655558
5.443725
5.326233
4.162685
6.677654
3.053570
5.529540
5.718155
5.400445
4.429503
6.004606
5.590107
5.489644
4.164184
6.062999
4.672123
4.657152
6.269238
3.820929
5.172124
5.183853
5.107182
4.389180
4.675439
5.423635
3.842294
4.098049
4.375424
4.568380
5.360125
4.405162
5.200385
8.145212
4.798817
3.690580
3.681338
4.701224
5.624544
3.587344
4.912234
7.285431
5.630559
6.612452
3.358998
5.523534
4.581961
5.463146
3.796650
6.456302
5.543154
4.895201
4.375405
3.913591
4.233993
6.614629
6.499703
4.939638
5.573089
6.574798
3.248016
5.520518
5.737291
6.498287
5.373132
4.220096
6.730179
4.538407
4.937157
6.275965
3.881834
4.857635
6.157243
4.695975
5.993043
5.971248
3.703700
5.384825
4.789490
4.054377
2.676993
4.348403
5.779140
5.941604
3.277054
5.243796
5.075775
3.387178
3.448376
5.467183
5.122090
5.603345
4.651666
4.075690
6.574907
2.218741
5.788284
6.818299
4.763380
4.662625
3.885188
4.853624
4.136375
4.691162
4.918617
4.625355
5.497097
5.290193
4.946819
4.491698
7.685868
5.968335
5.069471
5.422281
5.925986
4.901173
4.480167
4.349203
6.500039
5.896235
4.894931
6.720786
4.731892
5.258972
3.990248
4.791107
3.174129
5.686769
4.995565
4.066697
6.379189
4.196320
5.511723
4.419453
5.364884
6.466855
5.336043
3.772528
2.920271
5.218462
7.028442
2.877899
5.114323
7.108288
4.771081
5.145568
5.514756
5.732438
1.752269
3.506682
5.394681
4.694257
4.467465
5.657578
3.298268
4.379657
6.082814
5.387778
4.739667
6.030403
3.312197
3.833649
7.204057
3.351896
3.538602
5.626594
6.331371
4.343568
4.556474
4.755215
3.463949
4.822414
3.093887
4.250663
5.993552
4.743652
4.494792
4.124424
6.627415
6.306429
7.070904
6.102661
6.375253
5.010243
6.218460
6.480691
4.418852
5.809211
5.063714
4.931491
5.419478
6.021934
3.943337
4.620455
4.872730
4.886783
2.968068
5.048525
4.350480
3.534426
5.121415
4.267751
4.918934
6.320345
3.952377
5.015566
5.124354
3.952425
6.419856
4.842415
4.816662
6.537904
4.962654
4.633625
5.631906
5.687624
3.942859
5.267250
6.190179
5.029935
4.826463
5.405310
5.814617
4.990146
4.627285
5.262199
3.248728
4.937026
5.111543
4.232586
4.356136
4.516176
5.813298
6.331130
5.347912
4.877671
4.471635
4.762482
3.732385
5.163538
5.058954
4.767849
5.616628
5.591087
5.777976
4.955620
4.737637
4.079878
5.760496
6.349502
5.964121
4.579616
5.375922
4.488894
5.957701
5.662847
4.580680
6.074055
3.936289
4.166745
5.038258
6.206050
4.774997
5.382851
4.628289
5.973812
5.911597
6.385762
5.321691
5.731896
4.956062
6.564022
5.759124
3.886335
4.979116
3.167150
8.066490
4.570999
6.327333
4.002374
6.787933
4.906223
4.159089
3.944202
6.243657
4.500078
6.419354
5.081042
3.794522
3.747528
5.819168
3.967998
4.375361
5.420059
5.070015
3.040885
5.416442
3.587738
4.706027
6.596197
6.877000
5.061612
5.952432
3.967018
3.558015
5.963100
6.058943
4.415888
4.992855
5.637543
4.914275
4.057831
5.495524
3.832452
5.696228
3.681551
5.349279
4.444395
3.609803
6.637869
4.518192
6.077006
4.953665
4.592615
6.418037
6.585665
4.971885
4.650186
5.235853
4.658424
4.679837
4.816735
4.795463
4.797876
4.041175
5.624642
4.513721
6.385064
3.940221
4.442295
5.885084
4.702606
6.565711
5.487869
2.869868
7.292516
5.151915
6.065694
5.137873
5.493738
5.270090
5.838665
5.008147
2.855060
6.810827
5.272043
5.539470
3.806133
7.795753
3.876836
6.284316
5.890334
5.639318
5.913474
7.384220
7.388923
3.776664
3.341508
3.781765
3.924281
4.778899
4.739618
4.294959
5.405313
6.709893
5.802845
6.259461
4.309534
5.123212
7.271668
4.482052
4.753601
6.067324
5.184655
4.363460
5.640445
3.944225
3.888084
5.298435
4.074981
3.980386
4.804526
3.628750
4.453529
3.951872
5.470262
6.251333
6.029212
5.022555
5.471494
5.587379
4.628866
5.938854
6.071821
4.901300
4.960854
6.781997
5.137907
5.564483
4.078780
4.408541
5.400334
6.080979
5.369801
5.820681
4.383921
4.736950
4.400049
4.706677
3.752435
5.656409
4.539698
4.389797
4.632078
6.589717
4.974618
5.691474
5.369108
5.406375
5.429240
5.788846
4.444200
4.211492
5.538609
6.321566
6.317643
5.177082
4.462496
5.130982
5.299847
4.676624
4.853525
4.038316
4.860293
5.220229
4.978240
4.913502
3.473295
5.033174
7.144516
3.419228
2.786441
4.463118
4.923973
3.283304
5.581222
4.236371
4.221660
6.073083
4.884946
5.887856
4.135728
3.882825
6.482917
6.737659
6.316524
6.124382
5.637531
4.398440
2.751009
5.832853
4.195348
2.843505
6.105830
4.668609
4.660665
6.135997
2.874907
4.177223
4.928735
6.091468
7.980291
5.223106
2.735723
3.875695
4.181144
5.865726
4.469525
5.667124
4.353258
5.253495
5.182877
3.946471
4.286661
5.312110
4.879125
4.536658
4.420632
4.915088
5.606955
4.041040
3.659011
4.150296
5.097454
4.725643
4.252059
4.517807
5.841994
4.137524
4.120844
3.785291
5.696929
5.216574
5.356047
4.683517
4.604635
6.625108
5.581981
4.610679
6.714124
4.342437
4.775263
5.041293
4.689907
5.748240
3.669108
5.101799
4.567969
5.110469
4.104113
6.039791
4.248885
5.880343
5.711675
4.009704
4.849248
4.925376
6.676550
4.736014
4.219618
3.375625
5.007291
5.789146
4.752177
6.317804
5.350082
4.984150
5.969228
5.724032
5.045621
5.084899
5.190732
3.302902
5.815247
4.298626
6.099786
5.626357
2.918735
5.369063
3.930165
5.544901
4.827695
6.888512
3.864348
3.447006
4.856594
4.675874
3.517855
6.441842
3.574333
5.175302
6.386933
4.345939
4.871434
6.421877
5.027809
4.392823
4.202366
3.401554
3.179858
4.506221
4.380420
4.943742
5.746449
5.144426
5.359828
5.921478
5.654767
3.220998
5.027464
4.574962
6.377264
5.722256
5.481444
3.505439
5.239973
5.440692
4.951506
5.771823
6.251991
6.291082
7.597180
3.694457
5.986672
4.704980
6.585286
5.792254
6.567349
6.076534
4.481930
5.411695
5.458532
3.597970
4.272455
4.821346
3.864929
4.657730
4.488292
6.933685
4.944399
4.961702
3.886250
5.006683
5.720192
4.554680
5.511458
5.767987
6.710470
5.070635
5.676271
4.971868
6.969365
6.335041
3.270062
5.162221
3.606097
5.252751
6.042023
4.107309
6.473752
4.034569
6.185908
4.236843
6.857317
6.018679
4.631755
3.734113
5.596932
4.645321
5.863333
4.860921
5.645287
5.674187
3.514087
4.353330
4.302415
5.008842
5.919467
5.051439
4.989376
5.272585
4.036049
5.043098
5.590176
4.475171
5.993808
4.258373
6.537685
5.601497
5.370689
6.526090
5.366014
5.562263
5.067701
6.651061
4.875626
5.267818
3.651949
5.790675
5.605813
6.199978
4.154738
4.610349
4.245820
4.058038
4.776599
5.449923
6.471256
5.293820
6.417555
4.875702
4.761464
4.841204
6.485542
5.035797
5.093272
4.885162
5.021666
4.637537
7.635855
4.206001
5.275306
4.350934
4.534747
3.450964
5.039829
6.384582
3.232189
4.044560
4.320583
4.142391
6.160584
2.422330
5.679494
4.506140
5.841107
3.632301
4.909878
5.901253
3.830028
5.865352
5.081174
4.240631
4.471257
5.131614
5.110347
3.710711
5.567328
6.541151
3.331186
5.608949
4.600677
5.624721
6.690867
4.947980
4.920546
5.220258
5.281367
4.241401
5.437270
5.512157
4.690003
5.355622
5.113661
6.033769
6.063989
5.205490
4.347573
4.257727
4.775035
4.641334
3.948976
6.590442
6.672268
5.122205
4.462713
5.767605
4.983111
3.566815
5.154703
4.658849
4.204079
5.965133
6.050427
4.278228
5.348761
5.132324
5.648287
4.911978
3.960739
5.792841
5.083848
5.498748
5.268660
4.944059
4.805658
3.697971
5.160633
4.913743
5.174043
6.263386
3.391808
4.272484
4.501691
4.037355
4.836442
5.892277
4.406823
3.071407
5.337862
5.586387
4.019487
5.435197
4.169170
7.638369
4.063880
4.407579
5.219700
5.122049
4.735313
3.839351
4.983503
5.643522
4.649488
5.926375
4.387439
4.543818
6.306898
4.790359
6.319893
5.898696
3.821702
4.007766
6.398818
5.791477
4.990435
3.760008
6.336319
2.827276
6.223784
3.812168
7.285879
6.597269
4.198516
4.870658
4.949903
3.427242
4.783621
5.492853
4.615768
3.117732
5.072355
5.903155
7.228736
3.383694
4.713029
5.174389
4.228963
7.012554
3.936525
5.537387
4.757236
4.660088
5.387924
3.734189
5.199703
5.403118
4.620822
5.292226
6.047860
2.253165
5.142494
4.725964
6.126026
6.414797
6.756197
4.361423
4.288160
3.463313
7.396872
4.656526
6.051045
4.308950
4.452734
6.371664
3.850896
4.707379
3.887781
3.062571
3.975553
4.913008
4.898231
5.800318
4.258198
7.442807
6.237731
4.849849
4.331130
4.277571
6.010928
3.737839
4.252418
6.898864
4.079430
3.958741
4.459183
5.081052
5.573777
4.696033
4.229664
4.944083
4.658214
6.179996
7.646736
4.574153
4.832249
6.388628
3.523877
4.494889
5.681490
6.281273
5.425528
3.657972
4.586628
4.713753
4.614441
3.399701
6.005576
5.066393
3.923058
6.270158
4.690698
4.732090
3.338698
5.344455
3.318208
6.383329
5.122800
4.160748
4.670048
6.187416
4.513308
4.760613
5.360917
6.282288
4.197681
5.650776
4.311706
3.018908
5.010205
4.633266
5.112382
5.059238
5.653017
5.256999
5.684163
5.962217
6.750359
4.181535
4.416812
4.582594
4.173054
6.688158
5.099399
5.242481
4.741685
3.524880
4.703374
5.089742
5.147119
5.874652
5.317838
3.362310
4.184181
5.923539
5.213676
5.285635
4.933782
7.232135
3.882995
3.621031
4.485095
4.720322
4.954787
3.576899
6.306415
6.077917
4.528940
4.503174
4.633304
4.872178
5.132013
5.450638
4.729205
4.508409
4.870809
5.656008
4.990213
5.194838
5.877685
6.293491
3.663563
5.225563
4.693426
5.982265
5.516420
5.369950
4.060386
5.593496
4.364680
4.586073
6.624964
6.928097
4.019036
5.591743
3.319038
5.797488
4.562846
5.445677
3.050894
3.612036
4.156213
4.159376
3.169004
4.452939
6.319340
6.738646
4.299529
6.437459
6.217996
6.089575
6.164414
5.406893
3.833898
5.384725
6.375856
5.228751
5.036200
5.430846
4.692293
3.604006
5.208776
5.474552
6.016845
3.983925
5.260219
4.572270
5.540381
5.280241
3.542550
4.271889
5.817411
4.767107
5.286131
7.048592
5.315865
5.258837
5.598941
5.519023
3.615166
4.684699
5.476190
4.203295
3.717245
4.534217
4.890301
6.822543
3.536733
5.776469
6.965934
5.085570
6.207580
6.434852
4.686642
4.383013
5.667683
2.921104
4.832096
3.157257
5.934688
3.790154
6.442885
5.183492
5.419358
5.481725
5.143455
4.542901
4.079128
5.934967
5.174715
3.285624
3.462757
6.071608
4.693711
5.210668
5.512027
5.012400
3.900147
6.681840
4.525544
6.141578
6.195825
4.471355
5.652438
5.604385
4.781696
3.870149
5.105370
4.358453
4.554537
5.235137
5.047724
7.018474
4.890752
4.652348
3.579302
4.010439
6.682779
5.503896
2.960994
5.397978
3.488598
6.342810
5.684255
4.760459
4.523768
3.997301
5.341901
4.458134
6.301619
5.314170
5.393152
2.451304
6.815656
5.235594
6.065639
5.911922
3.989684
4.350329
3.678837
5.558299
6.922308
4.103986
5.199446
4.753405
5.553878
3.081111
6.668055
4.731759
4.691722
6.223513
5.030523
4.754567
4.187305
4.518771
5.503096
6.248320
5.705333
4.172912
6.713262
4.613445
5.459074
2.891520
5.395277
6.366714
4.902669
6.637727
4.846117
4.350049
5.207822
5.734629
5.334348
5.430182
6.127581
5.321581
4.719872
4.312150
4.183496
3.679042
5.128843
5.371518
5.791028
5.050661
4.661354
5.041033
5.583356
5.180479
4.402655
4.096510
5.221492
5.134681
5.431199
4.813119
4.270721
4.264804
4.648231
3.426748
4.476286
4.733950
4.646913
4.885879
4.698955
5.024075
3.875406
3.923704
5.514651
4.518592
5.247587
4.987599
6.232191
5.780779
2.686068
5.548722
5.125861
5.121538
4.855793
6.954906
4.109996
3.778947
4.793180
4.768657
3.767715
5.038719
4.302138
4.874961
5.811280
5.736786
6.394714
4.780941
4.901737
3.404276
4.207546
5.843472
6.044929
4.773501
3.766296
6.053047
4.488010
5.031487
5.044597
4.459127
4.680062
3.179159
3.269803
5.266977
6.881034
6.167154
5.537876
5.213209
3.501713
4.815350
3.622883
7.216624
5.517030
2.681353
3.899430
5.122017
3.516718
5.693722
5.140403
4.887788
5.200343
5.510422
3.864194
3.181297
5.806679
5.092854
4.175767
5.142438
5.639287
5.401370
3.561535
5.213773
4.845196
3.924439
5.416547
4.775578
4.592843
5.224237
4.865233
5.535098
5.588349
6.205087
5.276944
3.707415
6.450262
3.825237
4.204787
6.746021
3.338112
3.132120
4.092821
6.456866
4.265308
3.706625
3.774025
5.016613
6.116483
7.229315
5.749761
5.391802
5.559873
3.383420
5.598128
4.363532
5.087708
5.230958
5.235708
5.388011
4.125157
5.447241
4.865489
5.717832
4.689962
5.107207
5.013159
4.262143
5.396839
5.641819
5.988988
6.304193
3.505719
6.412382
4.711241
6.904509
4.274624
5.150723
5.098492
4.746374
6.547560
4.528530
5.882967
5.080512
5.463913
4.555892
5.183290
5.176916
3.934688
2.460833
6.003581
4.141420
6.550353
6.265477
4.130253
4.813902
5.688312
5.411706
8.570336
2.054542
4.507350
5.147176
5.218959
5.127720
2.771652
5.790769
5.870234
4.722849
4.756751
5.025874
3.350522
5.565701
4.653817
4.906809
3.300803
5.449065
4.496672
4.627335
4.585010
5.663780
6.109145
4.300959
6.892249
4.189355
6.204118
3.435390
5.139727
5.864791
4.600628
3.514031
4.579351
2.184623
4.399634
5.696266
4.701613
4.646817
6.517349
4.579667
4.874908
4.645915
5.775558
4.508358
4.771700
5.854055
4.951323
5.199737
3.759007
5.745136
5.471247
5.832734
5.073741
5.465970
5.511322
4.204618
4.666108
5.022131
4.412214
5.405170
3.558551
7.237363
5.473696
4.909908
3.603794
5.368024
6.615933
5.435624
5.061562
6.578947
3.878034
3.942225
3.951813
4.933281
4.974650
5.067024
3.140641
3.649629
4.666614
4.967105
4.221540
7.247918
5.450122
3.783287
6.032119
4.890176
6.739812
5.554672
4.940962
4.180860
7.039119
7.267495
4.702946
4.119032
6.355190
5.416895
3.182429
5.561521
3.677119
4.269775
4.350517
5.790717
4.878251
3.845438
5.203396
3.519750
4.740944
3.970590
4.591293
6.464112
5.179174
5.894315
4.775924
3.562833
4.697609
4.370703
5.451420
4.989570
4.639337
2.953904
5.218773
4.599941
4.459299
3.777568
5.334521
5.162060
4.571605
4.600560
5.477033
5.104585
3.500645
5.493998
3.083899
3.993000
5.497225
5.337848
5.517746
4.925618
4.428549
5.086490
3.542870
5.023254
4.786931
4.506176
2.883531
5.711496
5.693521
5.329387
3.921087
2.250610
4.972089
4.465337
5.756335
3.911417
5.955360
6.992152
5.088232
5.036172
5.003875
3.419615
4.418439
4.801132
5.518661
4.662540
6.714396
6.650910
3.405500
4.756444
4.440090
3.091721
5.056470
4.766828
6.050334
4.114325
6.028250
6.501754
6.833541
4.662448
3.445531
5.739869
5.256325
4.616561
4.743278
4.479596
5.657153
3.619976
3.181725
5.366374
6.609173
5.229839
4.226439
4.713316
6.273763
3.805704
4.300147
2.650473
6.157373
4.026048
6.675082
4.661981
5.145476
5.071996
4.646696
3.594417
5.986625
5.852336
4.607521
4.815064
5.645977
4.888258
5.436238
4.004808
5.561504
4.592107
3.683814
5.393623
3.938046
5.843748
7.417245
6.623374
5.679872
6.641395
5.425258
6.786384
5.409551
5.929763
5.302460
5.507185
5.422630
4.653340
6.313433
4.645786
4.005472
6.049232
4.589234
4.641032
6.393195
7.183249
6.026918
5.880340
4.026190
3.237185
5.000145
4.505461
5.229889
5.653044
4.755246
5.966840
5.732629
3.983162
5.566650
6.369545
4.778564
5.186446
5.114536
4.594766
4.326954
5.352346
4.038655
4.925286
5.467646
4.935654
5.390993
5.537320
6.407488
2.928752
5.551281
4.891606
6.585687
6.978711
6.767408
4.076552
5.009275
3.215205
2.557894
5.234524
5.203702
5.409372
5.346054
3.976618
5.505942
4.800019
5.208571
5.998841
6.105531
4.526646
4.199654
4.970377
4.240840
5.512263
4.513948
6.225540
6.049384
4.286934
5.749845
4.834509
4.253606
3.784563
6.275239
4.178118
4.104463
6.702082
6.638311
3.702597
5.743642
5.591631
3.926313
5.473533
3.808775
4.554209
4.533765
5.447573
6.006268
6.274276
4.841787
3.795011
3.352094
6.172030
4.975717
5.151675
5.590461
4.201419
2.642762
4.343432
3.864375
5.857349
3.789927
5.908777
3.629682
3.502052
4.485424
4.225132
4.386142
2.842815
4.644137
5.218390
3.634324
4.441287
4.688154
2.732460
4.041848
5.177121
2.103410
4.767676
4.731350
6.195369
4.074451
4.380475
5.100900
3.822058
5.283894
3.129590
4.541683
5.128217
4.290444
4.379981
5.256137
4.735223
5.719947
5.775254
4.558136
6.077330
4.218191
4.332324
4.478131
4.945625
4.213990
4.640270
3.681204
3.697384
5.217591
3.662110
5.109959
4.273240
5.492973
6.494017
5.728496
4.162210
5.493007
5.752493
6.235194
6.674087
5.369954
6.021147
5.864877
5.050802
5.569845
5.593475
3.875938
5.962931
3.941388
3.357880
3.138536
5.316520
3.870132
3.458900
4.680267
5.256357
5.058412
5.709274
5.619763
5.210219
4.024323
2.384670
3.280296
4.110777
5.890132
4.632070
5.269700
4.368209
4.376800
2.887778
4.951873
5.561956
5.259584
3.479342
4.486944
4.961565
5.199934
5.626779
5.217222
5.970839
5.443833
5.623655
6.315093
4.637568
2.977344
5.256229
4.101777
4.819655
4.205163
5.867778
3.767668
4.914548
4.058288
5.089409
5.670318
6.351316
4.073627
3.977095
5.089929
4.738227
4.646717
5.037562
2.602727
4.527929
6.090106
5.375781
3.374248
5.392144
4.282971
4.727514
4.444782
5.473912
6.623915
5.310377
6.482442
6.648830
5.390601
4.029166
4.489817
3.734493
5.464226
5.455435
3.857177
4.135194
4.611329
6.890931
4.509712
5.188045
5.340033
3.560797
2.981189
2.728922
4.595367
4.478834
5.187032
5.471904
5.886732
3.980852
2.193505
4.411257
6.302024
4.534877
3.548135
7.326482
6.723157
5.140059
5.659943
6.804560
5.341992
5.904862
5.716185
5.223770
4.026228
3.890880
3.806526
3.805986
4.999213
5.772722
4.179646
7.010968
5.493865
5.033165
5.498150
4.795840
5.138722
4.459983
4.094313
3.474035
6.134577
2.086042
2.996865
6.269984
3.187006
6.437998
5.294419
6.207223
4.701762
5.410899
4.506333
5.160777
5.505955
3.841303
4.653023
5.348455
5.001937
5.834175
3.758494
3.896046
5.707971
4.886970
6.207137
4.122844
5.869565
5.566591
3.414628
4.646951
4.985702
5.419318
4.898718
5.193058
4.240592
4.150350
5.395535
5.380621
2.853940
4.754106
4.419528
5.471723
4.703273
4.946080
4.296841
6.994124
4.258284
4.322208
5.881716
3.184400
5.401061
3.589702
7.516047
5.074055
4.622169
5.129447
4.178139
4.842279
4.976396
7.451854
3.224790
3.100307
3.229603
3.135958
4.829966
5.877060
6.008114
4.299617
3.432821
4.093450
4.328315
5.529522
5.890544
5.835358
4.567219
4.471229
4.480899
4.098011
4.128024
6.948341
4.289208
4.758368
4.436520
4.549388
5.796306
4.644760
2.844606
4.535058
6.107322
5.704952
6.597119
4.932035
4.967581
5.828257
5.027020
4.471984
4.334665
4.968136
4.179388
4.108290
4.488047
4.768732
4.722049
5.756587
3.867715
5.142608
4.006163
5.713018
5.172220
3.581124
2.719410
2.910582
4.628833
4.573461
5.486127
4.105239
4.584519
3.593053
5.713961
4.468443
3.391953
6.368000
3.891754
6.932402
7.141378
2.235582
4.210276
5.482395
4.733668
5.625197
3.861823
4.520385
3.027983
5.038535
3.810570
4.920475
6.087482
3.168555
4.992695
6.660204
3.654314
5.116243
5.782443
4.842385
5.356873
4.818392
3.953276
5.258580
6.978537
4.858194
3.520032
3.671870
5.755564
5.084213
4.391903
5.753700
4.078166
4.339546
5.247651
6.445014
6.541792
5.747721
4.670711
6.510703
2.979545
4.381936
4.845411
6.360654
4.440538
7.229585
6.339082
4.005709
5.648544
4.433577
4.050153
4.651563
5.109014
5.722033
6.497463
3.131819
6.489318
6.342277
5.878032
4.701279
4.186003
3.416205
4.629853
6.100381
4.927255
6.619414
6.123153
4.339043
5.885723
4.732747
5.029578
6.400568
4.013152
3.909519
5.917150
5.667815
2.943781
3.913743
6.648234
3.366910
4.602850
4.325531
7.095534
7.178196
4.755794
4.872666
6.171302
5.013168
3.302346
4.748321
5.842833
5.218862
4.115393
5.007828
3.378230
4.608943
5.852821
3.693739
5.348037
7.315931
5.547333
5.581398
3.244712
5.275717
5.746367
3.543388
4.673666
4.162496
5.053591
3.207506
4.619188
6.381741
4.542799
4.148083
3.897724
4.585792
4.976907
4.439661
4.689579
3.214099
5.999780
4.547092
5.806638
3.407356
5.935624
6.151592
6.931825
7.326226
5.017603
4.165381
4.038692
4.744470
6.310372
4.202381
4.540586
5.418514
5.623927
4.638108
4.468217
5.528718
4.641959
5.059244
5.436882
5.022520
3.418736
4.698625
5.586524
6.706189
4.872146
6.168924
4.152338
5.901794
3.711370
5.322857
4.869973
3.765284
5.702722
4.888901
5.411510
3.229871
4.545378
6.414760
3.711860
5.376618
4.519242
4.860046
4.267159
4.463661
3.816240
4.588300
4.624794
4.283190
5.521127
3.977083
3.873911
5.502747
5.250819
4.699255
5.214378
5.129679
4.267985
4.739023
5.316616
4.394400
6.413724
5.485363
1.822844
4.834193
4.830366
3.762839
4.877660
5.081030
3.766529
5.444458
4.430117
5.025652
6.047598
3.941572
4.548804
4.468685
5.093439
5.952993
4.686995
5.564468
3.248027
4.421618
3.199762
6.329555
4.235704
5.118319
6.135567
6.982354
5.157680
3.051120
5.085639
7.349456
5.118085
3.412038
5.077369
5.663686
4.758356
5.567200
4.816629
5.597044
4.248764
6.935358
5.644277
5.140313
5.852103
5.533350
5.189486
6.321847
5.402813
4.164131
4.275133
5.269604
5.447899
3.936339
5.918614
3.406517
5.023104
3.665029
5.503446
4.818334
4.827456
6.238354
5.715982
4.170962
5.132668
3.236250
4.821231
5.377400
4.635144
5.615518
3.107559
5.038805
3.150500
4.541222
5.704945
3.532857
5.231450
6.253635
6.614010
3.427006
3.184951
4.241036
2.588821
6.568155
6.718078
4.153034
4.728719
5.501012
3.542081
5.152274
3.434018
5.053272
4.317252
4.324582
5.485881
5.077080
5.355219
4.806792
3.392915
4.675031
6.673908
4.707390
7.025025
4.334788
5.254222
6.600738
5.365221
4.435588
6.259384
4.678969
5.866929
6.014398
4.047433
5.681007
5.088173
4.566774
4.673801
7.052788
6.591713
4.855857
5.239046
5.913682
5.886454
5.271167
3.935652
4.893417
5.559032
4.270579
6.332383
5.415189
5.567605
3.056568
5.378202
5.811397
7.053076
6.236448
2.979158
5.039900
7.049827
5.137941
3.704936
5.682562
2.564860
4.043802
3.550865
5.243825
5.411143
6.692853
4.963710
5.365198
4.465156
4.212385
5.255976
6.577191
4.257341
3.867897
4.964424
7.344848
5.373601
4.523698
7.991020
6.393408
4.670206
5.157540
6.609542
4.791673
6.676714
5.690963
5.034706
5.499977
6.210790
5.040121
4.498323
5.114161
5.885881
7.509783
5.319458
3.577165
5.408325
5.193454
5.869589
6.372478
4.294711
5.436504
6.350789
5.491616
5.422729
5.157552
5.945627
3.365131
5.753105
5.748820
4.269986
6.200933
3.860152
5.456838
5.103374
5.082802
5.803991
7.218418
5.061440
5.567299
5.403501
5.618844
5.251839
4.970422
3.257879
3.662227
5.278693
5.014518
5.533982
4.659273
4.933343
4.010565
6.444156
6.302731
5.297015
5.079576
4.118385
4.818869
6.332653
7.145384
4.545637
3.084285
5.245529
5.104598
4.773693
4.519372
5.103079
4.976269
5.988436
5.299589
5.357643
6.513227
4.499791
4.068583
3.646147
5.735798
4.928771
4.730045
6.004085
2.826477
4.485642
4.275960
3.998955
5.331266
4.386117
4.489957
5.351144
6.507834
4.351860
4.991235
4.881928
5.055947
4.425143
5.062405
4.588488
6.560132
6.869156
5.746605
6.086405
7.478503
6.504317
4.669787
6.082281
4.613810
5.917199
5.259827
5.847587
4.281936
4.762404
6.963719
4.399622
5.158159
6.400372
6.442614
3.985541
3.773393
3.786056
4.932363
4.803874
5.238982
3.268290
4.569540
3.742654
6.375989
7.340449
4.840799
5.475397
6.327212
3.796103
4.102230
3.434233
7.133022
3.663939
5.749106
5.837571
5.040203
4.177372
2.980007
3.761951
4.739735
4.460931
5.089301
5.883189
4.769407
5.473563
2.888060
4.593651
4.681161
5.741768
3.524100
5.234901
6.026655
4.035567
5.228055
5.018310
6.477719
5.770068
4.419933
3.447771
4.760243
6.344829
3.480468
4.584879
5.973334
6.295374
5.684343
5.829014
5.882332
6.315889
4.056710
4.762863
4.609101
5.007711
4.945579
3.609771
3.570272
4.962344
5.611753
4.660261
5.168754
4.800063
5.418423
5.053700
3.375118
4.291145
7.062570
5.545153
5.976652
5.253334
6.247920
5.939809
4.841710
3.519247
5.376099
5.250002
5.695486
4.752672
5.211139
5.428923
4.335336
2.985861
6.783353
5.263112
6.477487
4.934398
5.625214
5.138033
4.968593
4.012788
4.260121
4.987997
4.829192
6.569590
6.240232
4.132894
5.416611
5.916031
5.926648
6.221283
6.378431
4.397940
4.987255
4.940028
3.142403
4.152865
3.377016
5.228497
4.510360
4.734369
6.330935
3.805780
5.150751
3.443429
4.464069
6.022138
5.860713
5.456513
5.062228
5.405875
5.981219
4.666342
5.156482
5.718554
4.033254
4.602422
4.598449
3.373619
5.118963
4.403921
3.648909
3.590952
4.722560
6.271239
4.380950
6.094596
4.230504
6.133912
5.333039
4.701553
3.890746
4.615573
6.681775
7.116450
4.474353
3.508045
5.462187
5.765922
4.532239
5.152358
4.844843
7.257716
5.773457
5.950898
5.091802
6.082984
3.071932
6.646619
4.522069
4.456320
3.579653
4.854122
4.333843
5.092138
5.616873
4.709931
3.585932
4.633137
3.015439
5.350916
5.946938
5.349044
5.272067
5.175064
6.406282
5.533646
5.643618
5.051847
5.075941
4.916447
4.826367
5.878276
4.950101
4.056622
4.508941
4.201505
6.127607
4.777551
2.583349
7.966294
5.311983
3.683269
6.343262
3.749657
5.600521
4.161702
5.216762
4.374936
5.026881
4.273570
5.044491
5.431917
5.674743
6.138303
5.842171
6.309928
4.603936
5.447448
4.254511
7.049728
5.673925
4.308234
7.389280
6.111532
4.174185
4.157612
5.061008
4.006329
5.463841
7.080862
5.974586
4.863698
4.075529
5.500077
4.140857
7.449153
6.023764
4.525093
3.715209
4.866435
4.430270
4.763931
4.210967
4.473274
6.820116
7.357347
5.119865
5.006317
5.072401
4.984360
4.358098
4.739515
3.752895
5.406615
3.650603
6.910397
5.357041
5.375442
4.748140
4.672198
5.035048
2.192320
5.829178
4.885543
5.590733
3.901292
3.122449
5.168149
4.558032
4.119773
5.356311
5.977974
6.022743
4.491465
4.172666
4.557007
5.133170
3.287462
4.680181
4.489025
5.785908
4.611861
5.904110
4.418777
6.917159
5.780015
6.315313
4.324503
4.687492
4.986645
5.405503
6.571829
5.563643
3.292742
6.062327
4.895778
7.108732
3.780111
3.655483
7.568696
5.976067
5.030207
4.581940
5.287864
4.103264
4.868923
4.579674
6.097353
5.155051
3.632764
3.268949
5.210795
5.853560
5.505220
5.717087
4.963400
5.473564
3.446160
4.499551
4.993875
6.808395
3.175933
3.620394
5.999057
2.936125
5.392269
4.576180
4.336159
3.535415
5.105681
6.614168
5.994163
3.045422
4.602297
3.446703
3.927868
4.629120
4.747371
6.414363
5.188073
5.067316
4.837282
4.828910
7.524484
0.382806
3.804881
3.687563
5.109230
3.586761
5.403788
5.690494
5.117132
4.328683
4.469336
5.447066
4.926261
4.864488
5.163709
5.203638
5.421492
5.368690
7.256234
5.847450
5.386593
4.520395
4.361254
3.746417
5.409414
3.980309
5.948203
4.455747
4.999879
6.191028
4.929233
4.986936
5.844860
4.384499
3.381827
5.864909
4.729569
4.636277
3.610160
3.610303
5.114114
5.389699
4.363856
5.437124
3.526850
4.489312
6.172140
4.693604
6.816252
3.091213
3.762532
6.109905
5.670756
3.490054
4.179220
5.451825
4.910785
5.249895
4.016857
5.957195
3.387628
4.824354
4.322278
7.134367
5.020408
3.828413
4.134954
6.049207
6.038752
6.042074
7.340199
4.721787
5.160706
5.245405
4.725636
5.006297
5.499689
4.495790
5.241825
4.547789
5.658561
4.027203
3.385918
4.088642
5.475262
4.573645
5.348831
4.640624
4.788247
5.921053
6.263837
2.914429
4.316533
5.699421
3.786324
6.940338
4.545532
3.521145
5.045474
5.377406
5.215861
5.627927
6.171054
5.445233
5.184169
3.106256
3.819619
6.024168
6.213914
5.030731
4.991599
2.613475
5.778478
4.202396
4.883362
7.370911
5.060421
5.429031
4.530849
4.632785
3.726354
7.190282
2.864909
5.822239
5.554360
5.256804
6.290303
5.347410
5.059021
4.916402
6.531304
4.958716
5.288683
5.162455
6.284798
4.295019
5.384737
5.237964
5.692696
6.111238
4.875461
5.572837
5.150279
5.379065
6.436730
3.503539
4.949711
4.749667
4.285783
4.640306
4.204053
2.222231
4.829450
5.036764
5.278563
3.427731
4.618933
5.047616
5.703404
6.196898
5.836897
5.956097
6.217989
6.322809
4.604985
3.198357
5.281052
4.828092
6.014398
3.736749
4.863408
6.250869
4.529317
4.954183
5.651049
5.666364
5.140782
3.884448
5.159252
2.875227
3.478182
2.893184
6.199024
6.127873
6.241856
3.412115
5.154752
4.003892
4.485526
6.571881
6.129680
4.573564
5.956068
2.938311
5.416109
3.374532
6.385891
5.125160
4.074615
5.482779
4.924276
4.550372
3.092357
5.018239
5.168623
5.634230
5.182920
3.964008
5.148577
4.688790
5.793280
5.682303
3.085005
5.700803
5.970258
6.299323
6.931434
6.717803
4.881916
4.760830
4.895198
5.842432
5.219143
5.470581
7.088225
4.020513
3.451393
6.130576
5.614508
4.873362
4.767597
4.500241
4.836524
4.074982
5.084733
4.397508
3.745259
7.045301
7.577456
5.178278
5.216218
5.382601
5.836438
6.003691
5.713602
4.716892
2.984536
4.544639
5.807857
5.312234
4.833703
3.870109
4.703080
5.976092
4.855303
3.246617
2.582955
5.286594
5.829848
4.923839
4.969325
5.164160
3.259703
5.846307
4.299912
4.984379
4.716929
4.978251
5.221041
5.333241
4.528205
7.101920
4.303843
6.267934
5.145616
3.566412
4.396013
3.285211
5.184594
2.899709
4.931817
5.232154
5.461677
3.760948
5.900520
5.958080
4.313966
3.778426
5.113335
5.088842
7.249403
4.909507
5.406439
5.442115
4.410314
5.607193
5.418215
5.627595
5.221821
5.559833
3.744056
4.679558
6.459720
6.248907
4.058859
6.520294
5.583075
4.066207
3.535725
5.283809
3.812615
7.287158
5.717451
6.097564
4.215966
6.007326
3.642320
3.694611
6.591345
4.535033
4.366288
7.049708
4.222069
4.917076
5.442975
5.602563
5.155207
5.393542
5.353613
3.924820
5.929730
4.480787
5.854853
6.447374
4.895116
5.519555
4.822197
5.083189
6.038778
4.149469
5.940840
4.955021
5.281929
6.690170
3.107443
7.300395
6.004200
4.257272
5.894932
5.453292
6.852826
6.618890
4.610689
6.079403
3.954444
4.043134
5.912778
4.793256
5.252242
4.700857
4.761109
5.578035
4.208617
4.167309
4.889050
4.357454
3.456969
4.422244
4.642375
5.627214
4.690545
5.420181
3.518520
4.682617
4.736449
4.561743
3.755995
4.837770
5.638602
6.262604
5.664672
5.017904
5.200535
5.120394
6.255710
4.913475
4.988528
3.056813
4.309397
3.469179
5.397071
5.019509
3.612701
5.125236
5.808618
4.255816
5.087175
4.559311
6.176507
5.294183
3.839352
4.888217
3.763048
6.394741
4.016883
4.164105
4.785111
4.749087
5.698067
4.488208
5.719700
5.080237
5.167669
5.661895
5.942638
6.856183
6.733269
4.003374
5.829419
4.585709
2.038339
4.548618
6.478480
4.329413
4.281103
5.238772
5.847538
4.161934
5.725918
5.746646
6.580653
6.384113
4.610961
5.279321
5.970756
4.922072
3.901106
4.712181
6.821245
5.303594
6.340271
7.616848
5.156255
4.096053
6.184884
4.645228
5.294585
6.031246
5.063911
4.454037
6.330611
5.347382
4.333896
6.018420
3.232310
4.645542
6.681923
4.606741
3.886199
3.752438
3.447044
7.852976
3.829506
5.203672
4.603542
3.475095
3.895115
4.871691
7.807152
5.478232
5.132795
5.836499
4.643653
3.803258
3.879935
6.137560
5.493525
5.180120
5.773039
6.656133
5.954844
5.996984
5.761770
4.696014
5.800786
5.878129
2.925791
4.315973
4.699337
4.117293
4.638804
2.840152
4.945038
5.575079
4.802782
6.545272
4.296541
4.217161
4.360958
4.845304
4.310764
6.046985
5.407193
3.871072
5.759574
4.600181
5.184669
6.173861
5.774933
4.939669
6.393444
4.936888
