5000
10.287471
9.310479
10.740889
10.304583
10.492618
9.472400
9.531372
9.239898
10.557157
12.375706
9.567491
9.781187
10.345593
9.152091
10.881911
9.593060
9.178059
10.568933
10.515621
9.407551
7.995374
10.770575
11.133372
7.724601
8.844749
12.308312
9.081156
10.458893
9.035798
9.782603
9.406642
8.469900
8.205707
10.008866
11.895095
8.266784
11.997334
10.644254
9.468783
9.337888
9.634858
10.932679
8.563314
10.041544
10.375866
10.832200
9.987681
9.278165
9.430062
9.689366
8.937509
8.499140
10.163747
10.888136
9.088812
12.063263
10.958084
11.421906
10.196730
11.479415
10.100328
8.399389
10.982933
10.165733
9.692027
9.410972
9.256830
10.315990
8.161982
9.264592
9.906464
11.288740
9.817642
9.043302
9.421760
9.788926
10.813250
11.351702
9.996555
10.308181
11.349837
9.713271
9.313426
9.998238
10.377543
11.958857
10.206554
10.738913
10.175039
9.515159
11.986986
10.332620
9.739697
12.276134
9.348909
8.431369
11.434303
8.423997
10.440465
11.327110
10.295187
10.368630
9.865608
9.874756
9.686683
8.955575
10.114084
8.707187
10.320324
8.819578
9.280293
9.045453
8.661938
9.232186
8.518289
10.775723
10.013413
10.411633
10.246139
8.614080
12.271580
10.860201
8.648798
11.354885
8.502090
8.389619
10.172230
8.659004
10.212508
10.233616
9.475012
9.524378
9.658827
9.736901
9.586591
11.231865
7.778934
9.650072
11.983709
11.459001
10.550451
7.225151
10.092344
10.296524
7.753435
10.980343
10.570196
9.729228
9.295933
10.911383
10.205984
8.812998
9.345134
8.908503
9.042946
10.483507
8.052832
10.346472
10.475246
10.490609
9.561708
9.653863
9.486481
10.895176
9.066957
9.492087
9.912269
9.897442
11.984680
10.873883
10.641098
9.439341
9.396736
10.516366
9.416235
8.654581
9.053935
10.282598
9.007525
11.325549
8.450468
10.655197
8.950525
10.537788
11.091622
9.518299
7.961347
10.718057
9.909665
8.800935
10.181528
10.208040
11.027188
8.858153
10.775113
9.493379
10.988780
10.698473
12.114628
12.309401
9.485885
8.653211
10.174154
10.792801
10.727096
10.341162
8.549230
11.145473
10.743110
9.509179
12.651897
10.386961
9.099755
9.003668
10.320825
9.025824
9.776035
9.804976
10.526092
8.948199
8.926633
8.557597
11.026155
10.020744
12.490838
8.881025
9.644798
10.680183
9.341497
10.668480
9.746747
9.460602
10.221941
10.218243
9.544316
7.728753
10.753455
8.524360
10.411430
10.726301
9.859479
9.953575
10.448807
10.000328
9.780592
10.955088
10.070598
10.727261
10.645010
8.743759
9.361287
12.005858
8.942399
10.850987
10.959505
11.861039
10.706037
10.449092
10.872455
10.158470
8.102365
9.140884
11.680567
10.565935
10.683206
12.351382
11.126902
10.357057
9.655174
9.511628
9.767318
12.346291
11.364180
9.028063
9.358368
7.721623
9.997858
11.800419
9.824244
9.340821
11.526431
9.474278
7.077714
9.269244
10.472573
9.532424
9.869350
9.087819
10.400081
11.196738
9.610958
9.633807
10.431467
11.113106
9.038448
8.859639
11.247438
9.541288
8.908549
11.028414
8.048995
9.688788
10.737821
9.239493
8.662568
9.756509
10.413863
9.453484
8.674803
10.336219
9.076408
9.629402
8.572599
8.153611
9.624466
10.433850
8.911185
9.953545
8.777045
8.884547
9.627097
12.938539
8.560887
11.311165
10.152909
9.266326
10.890527
9.406777
10.191360
9.690322
10.015092
10.883361
10.886789
8.786325
9.798848
9.962576
10.822605
9.032989
9.332313
10.538150
10.370444
9.461640
8.788211
10.918296
10.925912
12.376889
11.820834
11.758192
9.753074
10.375478
10.063046
10.442866
10.149384
10.962936
11.126346
10.668020
9.577183
11.579775
9.804492
9.407605
9.841652
10.236775
9.817222
11.482708
8.292269
10.856759
9.079306
11.246121
9.688343
10.311645
9.292381
9.794503
11.988269
10.225419
11.835926
10.331409
10.554476
10.031607
11.621333
9.480244
9.632683
8.689560
8.359885
11.204414
9.942383
9.746963
11.936883
9.697349
10.262354
10.598354
11.049551
11.332287
9.530144
10.260886
11.933049
9.992275
9.650947
8.825730
9.537069
10.206521
9.419327
8.868510
10.846104
10.306436
12.586772
10.063725
12.674236
9.637478
8.990182
7.971103
11.447718
10.867229
10.405769
8.599815
10.592764
11.498810
9.892681
10.367085
11.532172
10.388024
9.424650
9.654866
11.653658
9.386762
10.701211
10.071008
8.752725
9.162654
10.966537
8.225104
10.348524
8.211461
10.401650
9.037895
8.871549
10.649762
10.839428
8.984507
9.902677
10.186302
10.483392
8.761661
7.935455
9.123811
10.245481
9.667397
11.643524
9.462783
10.058891
11.609874
9.254162
10.803915
10.471554
11.558480
9.510562
10.265786
10.052552
10.048948
8.889315
9.225783
8.520964
11.271272
8.754083
9.390271
9.161149
10.901014
11.400458
9.425548
8.413083
7.863576
10.684121
8.457419
10.121530
10.831035
10.811706
10.641765
12.633937
12.559889
11.093675
10.297179
10.101713
10.401321
9.659595
10.409431
9.865719
10.144084
11.395704
9.909518
10.335943
9.030196
9.707561
10.860068
9.125893
9.604725
9.006350
9.745244
8.892125
9.420247
10.388357
9.914424
7.987512
10.252855
9.986250
10.083058
8.383578
8.893091
10.272877
8.711215
9.146843
9.043912
10.028234
10.568499
9.776081
10.375485
11.322860
10.288147
9.236967
12.157475
10.370305
12.058054
10.547634
9.263344
9.221515
9.872814
10.569842
9.978051
10.242296
9.745256
9.108127
9.649853
8.701983
12.138670
11.296156
10.808437
10.040135
11.030828
10.803856
11.180582
8.839567
9.801456
10.366891
8.786404
10.825477
10.856313
11.857681
11.444232
11.379464
10.497034
8.738434
10.626139
10.684822
12.236493
10.575574
9.799590
8.465257
10.357614
8.691762
10.790444
11.010359
10.312820
11.864307
10.308690
9.636827
9.303732
9.320460
11.067760
12.404508
9.460762
8.205798
9.053508
8.225239
10.167349
10.693101
10.186820
11.503771
10.285729
10.076702
11.564965
10.554189
8.806349
8.631854
9.493093
10.022169
8.546347
8.405518
8.912244
8.848704
9.931563
10.238870
10.179294
8.443960
10.969151
9.433330
11.883401
12.063841
9.518181
10.535754
9.145079
8.595568
8.949535
11.065116
9.559650
10.554418
11.164133
9.675418
10.168379
10.232874
10.420344
9.663094
9.956529
10.370406
8.346000
10.027278
10.027258
9.982037
9.356154
9.652004
9.153592
9.482569
9.448142
10.331380
9.871638
10.434832
11.841880
8.569480
10.665395
10.423800
9.302353
12.044737
9.382071
10.501675
10.044053
10.929560
10.089801
9.585915
9.030554
10.722971
11.548308
10.273422
9.600503
8.900687
11.804659
9.086583
9.659425
9.370352
8.780877
10.275429
9.013129
10.727425
10.566046
9.227954
10.583386
9.522033
10.994055
10.181974
9.747980
9.919245
10.746509
8.677251
9.488878
9.354668
10.264904
8.260656
10.280322
11.081549
11.900174
10.100032
9.244955
12.265600
9.502720
11.056161
12.490971
9.761543
9.950522
8.338110
10.582797
11.324952
10.501526
8.310824
9.118048
10.957076
9.757091
9.912027
8.929328
12.025631
8.758628
11.067137
10.692350
9.924422
11.105147
10.447672
10.316887
10.414964
7.708252
10.842551
10.094218
8.880267
9.448825
8.960976
10.516938
10.927709
9.129404
9.618085
9.702573
9.949185
9.282772
10.945615
10.771289
10.271927
9.348107
10.159745
9.040962
8.949900
9.512036
11.219498
9.122389
11.344922
11.233996
10.187780
11.717037
10.853981
8.861209
8.352905
7.268013
9.256887
10.096110
10.601304
10.507156
9.368237
10.830959
8.984443
9.464951
10.151689
10.352210
10.660387
8.565173
10.837323
9.255278
11.085258
9.423293
11.608643
9.818518
8.271958
9.467286
11.407128
9.998220
10.361224
11.825625
10.813948
10.997385
8.886868
12.636302
9.032720
9.208851
10.341103
10.456076
10.574080
9.653083
9.103157
8.251636
8.764752
11.293193
10.406315
9.259222
11.698142
9.723888
10.251570
9.151732
11.532714
9.819565
11.060088
9.350571
9.210087
8.372657
9.665191
9.993672
10.133703
10.321449
10.373111
8.577606
9.582706
9.580380
10.807881
10.811506
9.075098
9.641049
8.269261
7.805193
10.449066
9.970739
10.012408
9.542594
8.747791
9.587668
10.416106
12.270472
10.580295
9.618983
9.075823
10.202327
10.961500
10.903991
8.461983
9.059445
8.644778
8.438670
9.929831
11.330570
10.198926
10.449205
9.390372
10.696840
8.884239
9.326620
8.587852
8.362425
9.282879
7.117284
7.556712
10.021594
9.445878
10.070672
9.510270
11.613549
9.248099
10.169363
10.482203
7.845947
8.712715
9.040182
8.336763
8.069242
8.168774
10.217467
9.413788
8.973858
9.624295
12.152267
10.841604
9.013139
11.060628
11.029223
10.926473
10.145608
10.509577
10.261188
9.084880
9.324715
11.626191
8.927520
10.096972
10.118849
10.161543
8.781638
11.223710
12.481976
10.034279
8.582271
8.963022
10.889214
8.862963
10.043065
8.871265
10.527047
10.324682
9.507868
11.361595
9.258365
10.290888
10.702362
9.838785
8.875361
8.497849
9.585473
10.459640
9.038964
9.798159
9.419198
8.174016
9.823048
10.435820
9.931871
10.373133
10.778256
9.101250
8.405130
9.349038
10.128989
10.215068
11.255740
9.256213
9.422916
12.283949
9.792106
9.995919
9.183837
7.964221
10.686655
11.491119
8.546736
10.440928
12.148484
8.631152
10.842444
12.606100
10.517997
9.653516
9.482756
8.280623
9.308391
9.842032
9.359280
9.962703
9.856523
10.122499
9.520794
10.667115
8.392233
10.604585
9.190769
10.800352
11.413080
9.118768
10.077281
9.476155
10.891383
9.262004
10.161086
9.658840
8.385659
10.725809
9.671725
10.241735
11.252187
10.642952
9.591211
11.843994
11.785287
9.971954
9.860282
10.417672
10.268173
8.444126
8.309568
9.328934
10.812291
9.724531
9.489794
8.894662
10.125326
10.821785
10.673329
10.617043
11.061626
7.988869
9.664886
9.562960
11.396416
11.970638
8.007281
11.152058
9.283456
10.435204
10.251219
12.230446
9.742714
8.489937
10.973444
10.540223
10.012369
10.081989
10.967193
9.492719
10.583472
10.404388
11.687166
12.168343
8.202162
9.856556
10.724202
10.842305
10.167747
9.160675
11.784688
9.400428
10.460439
9.977052
10.856300
12.224474
8.795094
10.720148
10.782393
8.776885
9.832382
10.243037
10.401462
8.307488
10.570756
10.702884
7.918070
10.475780
8.917077
7.890108
10.727662
10.655945
7.784294
10.121783
9.894215
8.463964
9.270495
8.630522
10.453642
8.321360
9.339556
11.813141
10.791220
9.428675
8.778381
10.840488
10.565231
9.616230
10.945545
8.374474
9.952150
7.087816
9.421440
10.190391
9.580877
9.518683
7.942325
10.453025
8.216282
11.414063
7.258394
9.117890
9.893981
11.068941
9.059262
9.834786
8.905473
9.222929
11.310570
8.110309
8.752107
9.043983
10.165296
9.254484
9.176597
10.574359
9.736047
9.789732
11.485597
11.531014
9.696774
8.633361
9.467153
10.710399
9.218709
10.581336
10.096904
10.364982
10.942242
9.369610
10.372287
9.272900
8.215811
9.391428
9.443431
9.959466
11.701437
10.140361
9.817135
10.089343
11.875320
7.486435
11.282620
7.210133
9.436439
9.601567
8.302107
9.021422
9.952539
10.162478
10.150225
9.515316
9.954544
10.002126
9.927933
9.646276
9.910518
8.819479
10.640211
10.121976
10.002184
12.780019
9.863918
8.778652
10.269019
9.447298
10.395170
10.212236
9.756119
9.260289
10.091282
9.866496
11.683352
8.144108
10.302549
10.136434
11.157860
9.056286
10.056539
12.950714
10.290169
9.282551
10.181855
10.187351
9.464042
8.263400
9.142051
11.487685
11.928861
9.770133
12.423972
8.104795
8.974423
10.022247
8.836007
11.679678
10.845587
11.457726
9.498515
9.488385
10.649847
9.440390
10.645731
11.097609
10.205238
9.545779
9.240345
9.290213
9.904516
10.134583
10.575409
10.079669
10.099207
9.626008
11.023608
9.582223
10.314921
10.019276
12.152829
12.059534
10.090721
10.009825
9.614772
9.645726
9.521890
11.473039
10.619243
9.388984
9.730544
8.616966
11.144215
8.204926
9.489090
8.857756
9.862852
9.817288
11.508912
7.988269
9.037301
7.875234
9.357829
9.358553
11.296180
10.172270
9.157413
7.309783
10.179753
10.078929
11.669951
10.344073
10.275030
8.953383
10.440872
8.622183
8.799379
10.348020
9.488385
11.241095
10.316228
9.818909
8.483855
9.751638
11.103482
9.277277
8.631361
9.501170
10.169630
8.173461
8.041016
8.706075
10.845539
11.593172
10.225607
10.609121
11.629178
11.258552
9.773546
10.466352
9.105700
10.980959
11.191583
8.748534
10.594982
9.237154
11.425963
9.498679
11.112352
11.328795
9.909150
11.642315
8.927966
10.657664
9.340620
7.471301
9.983142
11.895625
8.603280
10.966151
10.673488
9.161112
9.012829
10.412592
9.750720
10.188469
9.390788
9.344457
9.288568
9.286003
11.036886
9.576029
10.324725
9.404245
9.300675
11.808625
9.863004
7.989262
10.261390
9.407224
10.633672
10.580520
8.932456
11.063515
10.168303
11.088571
10.203849
10.402134
9.941847
10.174751
9.336701
8.688077
8.920630
10.205374
10.786586
8.734961
9.306664
11.509444
10.716175
11.419362
9.601654
8.242323
9.282709
10.188564
10.447949
10.843176
9.573928
9.562292
10.941630
9.645624
10.379380
8.889178
11.363112
12.242111
11.104924
11.225199
11.038757
10.092566
10.242857
11.027430
10.589331
7.673849
9.418156
11.032576
8.341356
9.541692
9.313832
10.414682
9.371050
11.750851
9.768773
11.382438
10.152545
10.995967
11.416079
8.717383
10.345130
10.442472
11.638790
9.352312
11.477639
8.218042
10.404970
10.391919
9.117627
10.393597
10.236765
8.256360
11.546721
10.788128
11.060501
8.492931
10.633835
10.191561
11.168440
10.218451
8.721150
10.619771
10.397932
9.364712
9.943933
11.327526
9.113891
10.306492
9.215282
9.557125
10.351676
10.489956
9.849251
10.393600
10.215481
9.851660
11.173450
11.023577
11.652582
9.437572
9.154667
8.013919
10.097946
10.763074
9.438516
8.498839
10.323331
10.743834
9.172308
8.384823
7.870760
10.629414
10.626926
8.195593
9.523345
10.196748
11.008522
8.509866
10.577378
11.356028
11.170912
9.677610
10.408246
9.639601
9.105416
10.583379
10.020395
9.627103
10.216264
10.761610
9.828811
10.904793
9.022760
9.829051
8.836327
8.399347
10.714667
10.622569
9.918763
10.464111
11.038077
9.662265
9.589151
10.917836
10.236497
10.994037
8.630100
8.706933
10.127591
9.266762
10.274238
9.970296
9.091477
11.956646
8.155433
8.585786
9.477181
9.104032
8.538941
10.979744
10.778067
10.547104
12.744213
10.055661
9.388189
11.056406
9.644051
10.471273
9.644261
8.932315
9.623295
11.317783
9.954689
10.290908
10.730052
7.168844
11.048277
10.499546
9.684424
9.211586
11.541004
10.638016
10.173743
9.177278
9.960169
9.699813
12.045770
8.762721
9.195072
11.267677
9.090341
8.233912
8.561747
10.070424
9.809003
9.750298
10.823667
9.013872
8.532648
9.186194
10.129841
8.543304
11.679713
10.409782
10.814652
10.219752
8.479269
10.068172
9.942959
8.461912
10.132810
10.445516
10.785898
11.535015
10.511578
9.989806
10.999257
11.248234
9.954110
11.038432
10.908202
11.451339
7.721981
9.068916
9.471316
10.515960
9.700246
8.950286
10.456647
9.166146
10.639261
10.148793
9.833288
10.605831
7.382357
10.763329
11.452079
11.099073
9.920013
8.477578
10.142818
10.294935
11.249692
9.354215
10.064945
9.175727
10.896660
9.432788
8.548195
11.110393
10.148105
11.363457
8.504620
11.505645
10.844318
11.090976
9.551126
11.390947
9.328167
9.215458
10.099562
10.477126
10.312636
10.221091
8.239751
10.899209
10.261036
8.552143
10.865180
10.439767
9.867022
9.484282
10.009288
9.337898
10.278052
9.965165
9.725757
8.558840
8.999569
10.288769
9.502277
8.719276
10.216090
10.285236
10.182546
10.797358
10.134053
11.850786
11.189477
9.472970
10.518043
10.288833
10.617001
10.052729
11.220085
11.099738
10.509635
10.920956
9.411345
9.395263
10.938429
9.449948
9.441237
10.052324
8.932557
8.960612
9.891789
11.070380
11.976706
10.451258
9.557137
11.630281
10.226891
8.079129
10.179595
10.900364
8.930933
11.165465
10.191829
9.068654
9.035874
11.152148
10.526528
10.925659
9.077200
7.154066
8.829264
9.803487
10.202893
10.450077
11.045682
9.505905
11.973474
11.399186
10.374939
11.517085
10.759778
8.652582
10.935219
10.732211
9.758463
10.046130
9.534838
9.716697
9.313776
9.486057
11.754768
10.769173
8.543895
10.575476
10.570906
10.296686
10.352666
9.575844
11.530337
9.042375
10.933352
10.187882
8.782965
8.810663
9.501952
11.089146
8.561464
9.611971
9.155556
10.270271
9.118902
10.447588
8.981633
10.348401
9.016081
11.719296
10.430988
10.513616
7.747316
10.185373
9.105525
11.071735
8.926302
9.072908
11.410863
10.685683
11.564791
11.269353
10.162373
9.921373
10.469719
9.523809
10.413825
12.619213
9.486574
12.088664
11.772505
10.892399
8.585066
8.042827
10.928009
9.811134
9.200021
9.696591
10.220748
10.226145
10.651495
9.328578
10.374798
11.478196
9.550517
8.179127
11.127946
12.379196
11.101965
7.517754
8.633400
9.110263
8.301820
8.876038
9.489758
10.227378
9.193075
11.559521
10.588993
11.261152
9.638954
9.555924
10.894954
9.766539
10.235737
9.062639
10.948324
10.565025
9.449057
10.864446
11.843850
11.226982
9.890855
10.529050
10.538930
8.826662
10.064564
10.650052
10.979963
9.000006
10.478625
10.622463
9.799466
10.669668
10.076158
11.032604
10.152749
11.435494
8.439565
10.186574
10.454921
9.408177
10.189061
11.580708
12.080925
9.672436
8.653646
8.877185
9.658267
9.636210
10.033737
9.987891
9.959971
8.176932
9.309662
9.643830
8.721772
10.288521
9.984022
9.197960
10.080924
11.462970
10.221851
11.064046
6.586599
11.893752
9.975448
10.687480
9.542973
10.357886
9.621889
10.151003
10.483971
10.628448
9.612868
10.979622
10.310043
9.805034
9.177791
11.499682
10.611770
8.737295
8.859817
11.005394
11.748507
9.382363
10.118446
10.669118
9.368199
8.912432
9.749830
9.227204
8.178663
9.440163
11.544756
10.637811
11.438276
10.401981
8.555734
10.252427
10.715164
9.861573
10.990141
10.652322
10.407643
8.915672
10.477260
10.222058
10.290631
9.339406
11.683902
9.837843
10.500498
10.222257
10.108015
8.687891
9.377229
8.613653
9.301454
12.204909
9.410958
10.594213
9.443176
8.459097
10.864299
9.808737
10.812387
10.532836
10.282610
10.467508
9.898174
11.737203
11.353167
8.572054
11.147091
9.425631
9.366938
8.396598
9.972739
9.379532
11.455113
10.754141
7.649395
10.230725
9.223916
8.780518
8.869804
8.699569
9.949543
8.729637
10.534156
9.766293
10.693968
8.041868
9.820964
10.823737
11.158364
9.861568
9.914292
9.482143
9.329404
8.439025
8.972661
11.093804
9.604977
8.428479
12.618439
8.782988
12.183113
11.575407
11.145504
9.714405
9.576844
10.500697
9.260042
8.828907
9.517161
10.071969
10.683006
8.692484
11.593394
10.819898
9.592173
8.647555
9.854251
9.269027
10.203240
9.890989
11.803727
10.002754
9.893101
10.030435
10.785313
10.008573
9.610239
9.437416
10.287645
10.237769
8.379262
10.624954
10.318314
10.602797
9.223433
11.317953
9.613981
9.584494
9.930476
10.212967
9.412271
10.005111
10.978874
11.511483
9.371195
11.574934
9.753951
8.870038
10.846740
9.367087
9.746874
9.245922
8.339640
10.698625
9.660514
9.625806
11.818694
10.103643
9.231490
9.383659
10.053183
9.279592
10.655341
11.619193
10.830266
10.146104
8.694651
8.784561
7.517071
9.605115
10.715568
8.862372
9.567176
8.541077
10.219261
11.539406
10.095286
11.180189
10.599830
10.645621
8.074039
10.392896
9.330923
9.463025
10.345939
10.639174
11.817238
10.611706
9.511001
10.725057
7.905268
10.172329
8.195174
9.701020
9.795551
11.511087
8.769916
12.248355
8.151366
9.821386
9.767620
9.397475
10.122685
8.988408
9.804509
8.363348
10.551301
9.201791
10.499632
9.984294
10.126409
9.240592
8.746568
9.880453
11.452427
11.067251
9.163131
9.433495
9.096717
9.624898
9.273521
9.533527
11.457673
9.499168
10.207379
9.959052
10.067851
9.427075
10.794362
10.110566
9.913946
11.120683
8.872223
10.797471
9.592402
9.784097
11.871309
9.718449
10.873248
9.114719
7.613176
10.062757
11.762040
11.244805
9.243880
9.976365
10.092822
10.602547
9.747600
10.112570
8.170872
8.886343
8.597763
12.434138
10.337655
10.931131
7.756761
11.303669
10.599202
8.817355
10.889551
11.168190
10.527917
11.862004
9.595755
8.990800
9.308594
9.378079
9.800798
10.784508
9.852606
9.428412
9.234639
11.006659
8.827544
8.997671
10.289790
9.992480
9.923562
8.188735
10.395019
9.805838
9.885281
10.718078
10.010394
10.059703
9.585601
9.199775
11.039674
9.425120
8.968353
11.337488
9.467173
10.911297
10.367239
9.898028
9.411416
10.010533
7.684359
10.702520
10.437784
10.022282
7.425272
9.519326
9.551584
10.609306
8.873363
9.286090
9.184356
9.586954
10.541753
9.176233
8.163765
10.889749
11.224598
10.410644
10.597486
9.188107
9.492552
10.228489
9.262086
11.200053
8.790003
9.055218
9.941781
10.434892
8.571344
9.185684
9.108808
10.349567
10.926817
11.643178
8.890462
11.295498
10.529475
10.400997
10.437272
9.496159
9.680318
9.619111
9.633185
8.353526
9.317976
9.272654
9.510763
10.566786
10.873390
11.360573
9.019331
11.102394
10.197669
9.368933
10.658400
11.036916
8.746349
10.937241
9.476840
9.818793
9.462872
10.853867
9.518077
10.603290
8.821281
8.785198
9.721589
9.976251
8.456053
9.537326
11.057991
10.907146
9.501044
8.446411
9.797671
9.465267
10.625896
11.301496
13.317350
11.627611
10.256593
9.870058
11.466425
10.551545
10.288105
9.011547
8.929154
8.548576
8.782131
7.405676
11.113918
9.487838
8.881161
9.981589
11.463060
11.558485
9.832823
10.103368
10.146103
11.190543
9.903929
9.875642
8.957930
11.054194
10.313019
10.535540
9.688312
9.847817
10.871540
10.526133
10.382884
12.527794
10.134589
10.253425
9.728127
9.917042
8.300736
8.878884
9.391656
8.709331
9.880647
9.543726
8.382140
10.378270
9.739092
10.530080
9.566105
10.846374
8.968610
10.543444
9.960803
10.473139
8.861544
10.003363
11.118259
10.760794
12.282379
9.230817
8.393701
11.960369
10.390851
9.589121
10.531221
11.102657
10.826922
9.848395
10.759579
9.844396
8.538809
10.129718
11.177497
9.840243
9.227763
11.210744
10.272873
10.604504
10.272414
10.201619
9.199398
9.623022
11.464117
9.103274
10.556946
10.787436
9.429302
10.131722
9.599043
10.314207
9.906816
8.539649
10.316811
8.651050
10.121213
10.372535
11.262438
10.064031
9.397353
11.120559
9.474973
9.642802
10.112455
10.669131
8.779241
8.359780
10.769673
9.069900
10.100150
10.204352
8.915264
10.592051
9.850603
10.360579
10.055747
9.094299
11.135626
11.706668
9.079014
11.072639
10.283789
10.737926
7.400867
10.423864
10.786104
10.262693
10.332403
9.742792
9.379376
9.993349
9.912815
8.702886
10.990519
8.928849
9.500919
8.752873
9.603734
12.006099
9.721144
10.093160
11.029923
10.407836
9.099372
11.764196
9.132924
8.444683
8.801735
11.413488
10.553574
10.471597
9.659963
9.854101
8.677941
9.607547
10.780413
8.740101
10.891019
8.991501
10.112703
8.939420
8.331180
10.636912
10.378704
9.341459
10.781669
10.102472
8.642368
8.746908
8.734413
10.538399
9.954567
8.560398
8.960272
11.231337
9.508397
11.764536
9.490914
9.559594
8.773289
9.667087
8.437381
7.605239
10.834062
9.223675
11.881582
9.069737
10.001268
11.245675
11.257874
11.500842
8.994989
12.104889
10.756314
10.014127
10.624058
9.403855
9.710908
8.676148
9.532099
9.962012
9.010481
9.785839
11.304885
10.628153
9.394066
10.484606
11.027663
9.575105
10.466344
10.735700
9.577882
9.744670
9.965669
8.620708
9.196974
10.358120
9.136380
9.418552
10.090523
9.928270
9.711131
9.703603
9.199444
9.890908
10.567286
9.038661
9.985403
9.733059
9.756002
9.817691
10.140554
11.764614
10.413063
11.547287
9.673360
10.023556
10.923258
10.120150
10.844205
11.046257
9.580472
9.849954
10.149958
10.374937
11.006058
7.901535
11.535187
10.855944
6.875417
9.150578
10.687709
10.261157
9.841175
10.273516
10.860547
9.847963
8.747403
11.379352
8.766167
9.992776
10.364603
10.926233
10.846271
11.048181
10.117366
7.941077
10.802533
9.074277
10.996288
11.159083
10.797686
8.877726
11.163924
11.531701
9.127736
8.762427
11.323275
9.657400
9.707400
9.390707
8.481620
10.131173
9.658225
9.739341
9.081679
8.259327
11.443931
9.116503
11.315310
10.992900
10.775852
10.461988
9.740846
8.864046
10.061491
11.011716
8.708853
9.090319
9.479138
10.271320
8.950051
9.325719
12.340476
8.915685
9.724328
9.372732
9.078913
11.841928
11.948312
10.140397
12.876224
9.946627
10.785380
11.867249
9.234340
10.846648
9.977645
9.019579
10.886031
11.112450
10.454859
11.699724
10.934882
10.282970
10.149852
10.523227
11.489099
9.219315
8.240354
10.982552
7.894755
8.272098
10.332467
9.481300
9.175878
9.379190
9.612399
11.262736
10.522127
9.393061
11.485742
9.574103
9.156322
9.444571
9.173936
9.408240
10.267945
10.523287
8.766272
8.916421
10.536443
10.262256
10.724975
9.925762
9.707295
9.345184
9.784617
8.486041
10.362416
11.330545
10.129552
9.583607
9.263100
10.777310
10.481399
11.366225
10.281885
8.570031
11.412358
9.188356
9.850294
11.148735
10.412620
9.729031
11.346804
8.112119
9.236041
12.082342
9.563516
10.184796
10.980439
8.582482
10.348894
7.982239
9.817376
9.930773
10.350941
10.080376
10.539885
10.955240
7.840530
10.620497
9.671959
10.889199
9.342520
9.139380
9.879756
10.278402
8.840722
9.060876
9.062796
9.004779
9.593634
9.666803
10.687438
9.245539
9.173306
9.807290
10.079912
10.011019
10.420616
10.906883
11.253272
10.836743
10.061434
10.413484
8.782935
9.488774
9.094729
11.135693
10.736981
9.382797
9.382040
9.758282
11.383966
9.863295
9.879581
10.309131
8.699332
11.074887
11.371364
9.519441
8.835395
8.794067
10.914464
10.428945
10.652089
11.595740
10.982679
9.919809
9.029573
8.979418
10.248732
9.703358
8.427832
10.333062
9.140449
9.470325
11.389167
11.003519
9.917849
8.485946
9.686400
10.779462
7.554941
9.988908
10.712005
9.077717
10.811435
9.209354
8.768409
9.336875
10.450173
11.159194
9.468114
9.708656
12.013202
10.621426
10.022661
12.034893
10.698822
9.676879
11.125440
9.989264
12.825689
11.658302
10.481962
9.428624
9.765924
8.766949
9.585172
10.688813
9.777335
8.621440
10.256334
10.480736
9.923442
11.404970
9.148270
8.837044
10.834841
10.229136
9.255988
9.403473
8.900872
9.993055
9.739343
10.973563
10.315798
10.608792
10.411853
10.311480
8.812724
8.829435
10.110230
12.025769
10.129824
8.990700
10.494080
9.308160
10.026824
9.032243
11.558163
8.224675
8.252939
8.378258
9.919672
10.142880
10.820315
9.553459
9.403644
10.986736
10.427828
10.204599
10.369959
8.088206
11.346352
10.627295
8.974845
10.623266
11.744559
8.023214
9.615052
9.572704
11.783410
10.433167
9.969238
10.338739
8.973875
9.156171
8.486973
11.924271
9.149106
10.237395
10.146127
10.127742
10.758824
10.279246
9.105745
10.383636
8.121298
9.357069
10.815835
9.998453
8.715632
10.298888
9.245724
9.878585
10.945515
9.032685
9.795577
10.163693
9.995971
10.148825
8.967371
10.690430
11.307299
10.734787
10.036510
8.844332
9.303161
9.570376
9.661306
10.364709
9.340466
10.646843
10.695955
11.615509
11.120332
10.027027
9.686775
10.140558
10.130730
9.514698
10.632456
10.504804
10.213226
11.930958
9.573789
10.083299
11.314940
8.787198
9.930415
11.951110
9.873422
9.745572
9.889670
10.053580
8.675290
9.227100
10.273426
11.390123
9.114433
9.399122
10.360662
8.894851
9.067514
9.271702
9.636771
9.998980
9.521183
9.185722
9.440636
8.639224
9.472990
9.904924
8.669951
11.669475
9.852115
9.821281
8.377247
10.229816
10.016310
10.243396
11.775028
8.961345
9.832478
10.024968
10.531327
9.633382
10.546007
11.295799
10.376386
10.464438
9.427311
12.185883
10.466344
10.408385
10.956996
10.505028
8.592216
10.250340
10.770202
10.971103
11.395531
11.404002
10.280137
9.995472
10.421890
9.781977
9.570967
8.847846
9.968455
10.745225
9.145537
7.649424
8.827890
9.197935
11.217376
9.085450
9.129594
10.037537
10.112504
11.886552
10.512826
8.858803
10.543224
9.206273
10.775976
10.482992
11.471467
8.939834
11.077957
9.439283
9.787441
8.690892
9.473791
9.151936
9.549953
9.661932
10.647686
10.223354
10.206381
9.551852
10.062099
11.739441
10.360420
9.292701
9.127991
11.315655
9.895397
12.447627
9.169804
11.726009
11.423549
8.916117
10.598874
9.743379
9.738522
9.278750
9.397641
11.709259
9.440231
10.126587
9.501088
11.557038
8.981732
8.786328
9.497587
10.032474
11.873446
7.599855
10.318323
9.521950
8.355707
8.311671
11.844816
9.993323
9.035398
9.936435
12.483928
10.222283
9.616713
11.046588
8.428705
7.463312
9.296010
8.977951
10.403334
9.930081
9.417499
8.209099
9.291684
11.408704
9.122979
11.293916
10.532261
10.222698
8.886709
10.048485
8.080869
9.714382
9.580236
10.285354
10.128232
9.058313
10.979516
10.847507
9.272513
9.635120
10.373094
10.605380
9.443544
9.922540
10.126635
10.275145
9.132649
9.533848
10.151301
10.488408
9.059425
10.065806
9.592009
10.112927
9.970508
10.218590
9.084345
9.888838
10.588608
9.731371
9.684742
10.019183
10.655480
8.940868
10.571103
8.651032
9.913922
9.635199
9.413658
9.474694
9.157055
11.955031
9.553822
10.528489
10.127853
11.473748
9.659347
10.733705
12.527900
10.116229
10.587012
9.775639
9.217739
9.003844
10.964084
10.128230
10.499620
9.230767
9.299640
9.152249
10.566477
11.229774
10.250024
9.649496
10.239102
9.881194
9.177789
10.756509
10.307421
8.881180
9.367206
9.751361
9.229405
11.265596
9.058967
9.353191
8.394231
8.897945
9.728648
10.095754
10.046637
10.012113
9.671346
9.650451
10.293826
9.999454
8.751499
10.293677
9.236392
10.587288
9.463634
9.743986
12.160499
9.383797
11.308904
7.940499
12.235166
9.033799
9.701255
8.279144
9.447828
8.881962
9.784464
12.737359
9.975310
10.223284
10.994590
9.887405
10.708423
9.875536
10.860025
8.869222
9.586990
11.078813
9.961861
10.242241
9.434211
8.371236
11.788509
11.479971
9.159652
9.789743
10.781409
10.006398
11.505187
10.318970
10.911535
9.660028
10.148095
11.246224
9.872723
10.160880
8.414258
10.552201
12.655879
10.168116
9.451600
10.037989
10.414153
10.773843
11.785738
7.944842
8.233911
10.353809
10.325317
9.326728
10.291315
10.191065
11.283353
10.272757
9.424051
9.258938
8.714916
10.736207
10.678808
8.210451
8.860535
10.134929
9.527135
9.718537
11.912000
9.131345
10.920099
9.586969
10.315600
10.444485
9.387673
10.293342
11.081752
10.310693
9.854694
9.220240
9.073427
9.232517
8.029921
11.377270
8.866321
9.145205
8.785474
7.609483
10.704128
10.014868
10.477060
9.132514
10.723785
10.050136
8.728752
8.938880
10.173893
11.824789
9.749156
10.421382
10.431647
9.165216
9.891888
9.338760
9.811784
12.586161
10.878031
12.465018
8.499258
9.618485
8.787221
10.409414
10.476627
10.052688
9.922511
9.940781
10.690287
9.140556
10.620662
10.602928
9.897211
8.868811
11.395592
9.920205
8.995650
9.861634
8.255223
9.056238
9.736623
11.187341
8.525774
10.746585
7.903731
9.641730
9.885347
9.360888
10.691766
10.378534
10.084027
9.567094
10.066644
8.986428
11.752389
11.256125
9.941758
9.162508
8.599016
10.773016
9.027735
9.881919
10.688951
12.385756
9.811277
10.858028
10.409984
9.676631
10.016010
9.837414
10.420606
10.293007
11.220140
8.131509
11.742952
8.848011
11.536434
9.472325
11.602598
9.305616
9.031580
10.664937
10.141083
9.056111
10.837966
9.933315
10.903125
9.238509
10.725039
10.747943
10.422440
10.362553
10.558422
10.334336
9.019209
10.212405
8.803618
10.389615
11.053140
10.759951
9.099234
9.484474
11.398357
10.783982
10.076151
9.412227
10.723673
8.824350
10.136850
10.176418
7.068801
8.978452
9.613460
11.229237
8.751103
10.130706
9.621349
13.258353
9.585363
11.285287
10.004710
9.580792
11.002222
10.867716
8.695495
10.147552
10.162817
9.282478
10.350510
10.096456
9.505724
9.816810
10.729181
11.138854
10.674213
10.935614
9.254069
11.831138
11.382786
11.839826
9.281077
10.793122
9.505819
10.484210
8.776030
10.516350
9.276877
10.744169
9.443372
9.625797
10.017044
9.152806
9.580284
9.747856
9.951884
9.371403
9.873984
8.672415
10.879802
9.479619
10.465657
8.834583
11.283653
10.239897
9.765351
9.413472
9.824797
8.956760
9.006664
9.978100
10.602413
8.805837
10.449616
11.729852
9.675530
10.871377
10.872599
8.847934
9.848377
11.367944
8.243866
10.412767
10.069807
8.804996
9.368480
9.532936
10.840527
11.855631
9.614352
8.510100
9.282389
10.351659
11.790886
10.047984
9.875573
9.741075
9.733337
9.473654
10.317948
11.389039
10.063263
11.566300
10.366688
9.763033
10.202024
9.352914
10.569748
9.682302
8.494120
10.686436
9.940127
9.860946
10.221394
10.278279
9.797354
10.635691
10.403531
8.777674
8.786164
12.349048
11.614040
9.866876
11.004176
9.515131
11.447264
10.837062
10.265754
11.044686
8.399066
9.241978
9.539949
7.868975
11.142479
9.015078
8.937993
11.037707
7.146740
8.711703
10.057376
7.838499
10.298665
11.513778
9.889713
10.859308
8.890770
10.291432
10.544087
10.902645
9.224405
10.738104
11.043389
9.793520
10.101589
9.051387
9.827546
11.933795
10.549762
10.086426
10.505592
9.044978
9.290825
11.236405
11.676642
9.883702
9.470242
9.700129
10.693777
9.354080
9.673216
9.757308
11.472648
10.951061
11.024735
10.665493
10.212727
10.405111
10.419484
10.595862
11.236228
9.883753
9.628153
10.350328
10.514077
10.386030
9.145589
9.975930
11.451398
9.230606
9.561290
8.821573
10.567453
8.471213
11.801927
8.311672
10.270679
8.860438
12.826109
9.508553
12.017984
9.387477
9.186343
8.465666
9.015878
10.801439
9.413708
11.618016
9.017575
10.108945
9.426712
9.356929
10.331713
9.281422
10.687975
10.639108
10.712145
11.899401
10.104667
10.693814
10.454396
10.280229
9.914518
11.396277
9.770621
9.373506
11.786224
9.665363
9.444481
10.426001
8.641133
10.032172
9.546561
10.948712
9.023498
10.552693
10.933783
9.885562
11.259515
9.454618
10.237431
8.796139
11.128925
9.703206
9.260092
11.268253
12.964557
9.773468
10.538340
9.609031
10.511209
10.865173
10.038648
9.508659
9.777108
11.972331
10.637607
12.067770
11.644849
9.288511
10.306331
10.014319
11.615754
7.241011
9.842481
8.963607
11.141761
10.334973
10.010580
7.309005
9.950027
10.754394
10.988368
10.460003
12.256076
10.970435
10.550566
9.131250
8.049192
10.721371
10.345571
10.290390
9.685328
9.131957
8.863636
11.067594
9.091904
10.057518
9.856875
10.536353
11.458363
10.269306
12.278970
10.183390
10.013292
10.200243
9.387218
8.689529
11.032623
9.076882
9.918789
9.718031
9.307374
9.588892
8.471245
9.010256
9.253708
10.300158
8.564392
11.038879
8.304915
10.419559
8.181928
10.201993
11.255121
9.695282
10.246865
9.869366
11.571913
9.869139
11.186153
9.531542
11.429714
9.509652
8.217285
10.662410
11.099064
9.252867
10.590583
9.254402
10.728268
11.742155
10.686414
10.155650
9.404711
11.590081
8.715725
9.731518
9.593070
10.322318
10.945009
8.722197
10.126268
9.775757
10.038057
9.961216
10.176282
10.922611
10.734988
8.839495
9.076138
8.904154
10.160319
9.540589
11.553379
8.507052
9.326169
9.457824
11.599983
10.549576
8.707142
11.736823
8.914634
9.197030
9.978640
10.001482
8.729686
10.259393
10.438357
12.545486
8.126186
8.991930
10.122111
9.573665
10.370659
9.610720
10.357876
9.909047
9.551427
8.674173
9.256757
11.341423
10.635009
9.959732
12.399216
9.150745
9.950625
11.841368
9.180366
9.904519
10.645101
9.641017
8.089253
8.976743
10.272989
11.219497
11.683533
10.630023
12.440022
10.088038
9.998838
9.414876
11.401267
9.329599
10.696083
9.467290
8.448674
11.492506
9.974384
11.391328
12.861866
9.604643
9.271404
9.997155
11.630606
10.898516
10.111044
10.233480
9.317739
8.946248
9.629669
12.136039
10.400876
8.922041
8.754300
11.398340
10.615310
9.704322
10.089338
7.878162
11.218490
9.079483
8.169151
10.352937
8.909078
10.131124
10.031915
10.785575
10.715610
10.458337
11.334330
12.257050
10.254625
8.867528
10.214333
11.150392
10.019636
9.829515
10.429898
8.414110
11.040519
11.654792
8.974632
8.879923
11.690751
9.818451
9.004753
9.839154
9.931568
9.159396
10.016884
9.793293
10.152743
10.532453
8.119290
9.525119
9.613281
10.468525
10.395464
10.813490
9.670754
10.764544
9.727766
8.725754
9.962870
10.550128
9.757708
10.199090
8.229668
9.686283
9.285215
10.825129
8.661967
8.992871
8.517776
11.026556
9.448290
9.256196
8.369165
9.449356
9.590956
10.718463
10.829855
10.703465
8.664930
11.355864
9.713829
8.784682
10.373955
10.435898
10.579508
11.353138
10.060831
8.666618
11.021864
11.461421
7.779127
8.996334
10.537287
9.576246
10.522444
10.038291
11.949516
11.424275
9.351689
8.399000
9.480620
9.896791
9.873896
11.590243
12.184038
9.452293
11.301118
9.102070
9.460687
11.408239
11.135486
9.922678
8.952997
9.460332
10.419307
9.440757
11.526683
10.349752
10.202680
9.735626
9.703752
9.770301
10.221256
10.260539
11.168501
8.987927
8.494168
11.575778
10.961047
10.125564
9.178456
10.094446
9.128430
9.724514
11.353987
11.294986
9.666835
8.507627
8.578835
10.769580
10.848683
11.108483
10.205374
8.766522
11.319588
9.827903
9.118315
9.803060
8.850592
9.886759
10.830444
9.745920
10.067501
10.051941
11.682119
8.765417
10.291366
11.062855
10.693830
10.653506
11.352155
9.951537
10.473110
9.358594
10.077132
7.295860
10.517297
10.825551
10.985082
9.415062
9.949839
8.747686
7.767171
9.545006
9.267781
9.470951
10.969069
11.080943
10.810659
10.252688
9.880958
10.166743
9.689345
8.297063
11.955676
10.406852
10.987890
9.608516
10.367152
9.099049
11.052430
11.777530
9.722327
11.156270
9.807904
9.683685
8.944021
9.023359
10.804276
11.055368
9.594879
11.700533
9.495748
8.401245
9.366203
10.593748
10.438370
10.503390
9.923999
9.442621
10.938435
8.906518
11.226541
8.658345
9.444608
10.402360
10.773406
9.112070
10.516366
9.751629
9.563621
8.693521
9.991813
10.353733
9.434273
10.458338
10.092997
10.874041
11.635344
10.045633
10.514198
10.945672
10.690533
10.779588
10.530789
10.095878
9.329562
9.946401
9.916625
11.115958
11.321875
7.654879
9.762276
10.161320
11.029209
9.500955
11.294589
10.482193
11.248593
9.457633
10.005800
9.143576
10.739187
11.340704
9.278410
8.261230
10.685299
9.988411
11.082724
10.193947
10.635463
11.533799
9.434131
8.630827
10.069437
11.703723
11.120739
9.522151
11.681996
9.209655
10.437629
11.087372
7.708758
10.518852
10.294300
10.021308
11.501088
10.632447
10.097946
8.838416
8.865065
10.268828
8.489474
9.498839
9.931899
11.014374
10.324542
10.036546
8.369126
10.846191
9.704119
9.194452
10.422998
9.359767
9.903595
10.248224
11.802767
11.406671
10.719563
10.538052
11.136443
9.753272
10.632319
10.430582
10.342019
10.374854
9.058348
10.160389
10.873821
10.778468
9.941884
10.126976
8.666106
11.155718
9.397829
9.853702
11.266025
9.560846
9.334468
10.929978
9.380750
10.984428
10.979641
10.670334
9.710670
10.426085
10.162718
9.911462
8.028919
9.954333
8.896926
9.206624
11.372122
8.763253
9.975912
11.310511
8.608199
9.305236
9.110643
8.002240
10.154609
9.292833
9.110315
9.932183
8.023452
10.602540
11.115006
9.038728
11.216813
9.955727
9.684522
9.871200
8.405735
11.206144
11.452373
9.300656
8.237396
11.861349
8.885652
8.474248
9.757753
10.387540
10.426613
10.172000
10.379535
9.645274
11.022459
9.041390
10.497405
8.973251
9.917262
8.150425
9.636802
9.166409
10.259667
9.692255
9.392196
10.198952
8.147108
8.544490
10.214898
10.135991
10.375620
11.296970
9.797012
8.961464
8.536984
11.451782
8.718017
9.749576
11.805352
8.876362
9.532881
11.253082
10.376858
10.413574
10.206576
10.712358
10.806622
9.421082
10.539109
9.202197
10.822841
12.005964
12.185799
9.223323
11.542314
9.909425
7.200289
8.861119
9.364319
9.771329
8.796864
8.102090
9.541838
10.914316
10.132505
8.729387
9.782744
10.309761
9.457046
10.800772
9.580473
10.878916
9.395359
8.349399
10.774243
10.896257
11.956264
11.006235
7.135407
10.518237
9.757035
10.078470
8.600332
11.012783
10.121820
12.118505
10.416206
10.325284
10.287460
9.688713
7.280883
9.642444
10.450306
10.106558
10.155278
10.921915
10.970875
9.382106
8.964233
9.618857
8.373048
10.800353
9.184902
10.838928
11.336945
8.370869
8.733800
10.314630
10.844851
10.078955
11.286471
8.856974
8.715804
10.488694
12.104233
9.728577
10.496675
8.455088
10.089073
7.943782
8.949735
9.661948
11.311635
9.039374
9.967590
8.662920
9.279458
9.728333
9.715057
9.520294
10.229931
10.082830
11.338509
10.941884
11.122453
9.033994
9.686800
10.387060
9.432714
10.457812
12.014242
10.039336
8.150160
7.763454
10.750261
11.881002
10.337790
9.894051
9.690593
10.652872
8.838548
10.651073
11.080227
10.878904
9.076163
8.798725
8.553058
10.115719
10.557534
9.904903
8.681531
10.287987
8.831821
10.431407
9.806289
10.480664
9.347741
11.654144
10.317752
10.666382
9.787685
10.242548
10.865495
7.962015
9.791720
12.160236
9.544901
9.695304
8.282650
9.577105
11.088582
9.869736
9.535530
9.761659
9.342386
9.800305
10.813266
9.308016
9.472319
10.015191
8.967458
8.380689
10.146948
11.212865
11.079590
8.471584
11.243028
10.067598
10.252577
9.976699
9.202635
10.353334
10.234731
9.082466
9.497006
10.269133
10.997221
9.637699
10.055818
10.747671
9.872487
11.056965
8.359397
9.152762
9.364581
10.442069
9.839117
9.199922
11.252904
9.367719
11.721750
10.337784
10.743594
8.556539
9.300673
9.720797
10.962273
10.349524
10.183602
9.608659
10.446685
10.164834
9.691609
9.302826
10.894471
9.005698
11.526880
10.367871
8.893091
8.420690
10.526589
9.516223
12.252900
7.641238
9.045627
12.199339
9.747895
9.076757
9.676027
10.581114
9.867803
8.215261
10.378531
10.900183
11.297773
10.352587
9.881176
10.811410
10.395385
8.723148
10.333811
9.553579
8.922639
9.562124
9.537944
8.630535
9.324986
9.961936
10.404336
8.806473
8.571658
8.380826
10.143987
9.435870
10.062291
8.995141
9.397722
10.601561
11.450618
9.779589
10.519562
9.430304
9.780987
10.581137
9.510779
9.893647
11.802341
8.984199
10.508041
9.766682
11.503668
11.670837
10.032753
9.820946
9.384867
9.275192
10.387977
9.802607
10.149961
10.944385
11.000169
10.628116
10.662901
10.548987
9.934829
9.897635
8.834507
10.736073
10.553432
8.487898
9.828991
12.290276
9.663441
8.961071
10.637244
10.980531
8.115611
7.418341
9.338631
9.270255
11.250913
10.349977
10.919592
9.798263
10.004042
9.680005
10.359933
9.978747
9.312664
8.127790
9.962596
10.127399
10.457027
8.964089
11.106998
11.912498
10.327102
9.330341
8.801577
9.060202
10.968423
9.388417
9.234737
10.214269
10.748945
10.778191
10.279868
12.084409
10.309841
11.130066
9.354172
10.493567
8.143689
10.098551
10.090209
8.813250
11.142323
9.279853
10.235542
8.646545
10.229114
10.533460
9.578701
8.731414
10.400836
10.252570
9.717013
9.309119
9.960773
8.773832
11.219415
11.698735
11.616530
9.015380
11.821681
8.987649
11.617444
11.724010
10.970203
11.196388
7.836886
10.922173
10.252355
8.970886
10.266619
8.558125
10.380520
9.691959
9.512892
10.157605
9.822619
10.820059
9.304276
8.761308
8.209102
10.767992
8.587509
11.594802
9.791554
10.111015
8.307643
11.338026
10.986116
8.320873
10.576211
9.471504
9.134272
11.017011
10.275270
9.223903
9.429927
9.165148
10.284118
10.021391
9.770437
9.279620
10.333163
9.224956
8.871480
9.639024
9.130943
11.464215
11.283274
10.926159
10.024325
11.383933
10.249044
8.959900
10.632929
9.073431
10.831213
11.564312
8.848811
7.899015
11.264405
10.110896
9.976886
7.717108
8.037327
10.177067
9.871308
10.420743
11.228432
9.487858
9.696672
10.084471
10.965080
9.990458
10.523190
8.942865
8.849218
7.582350
10.683209
10.579480
10.075943
10.635598
10.654772
10.668828
10.341647
9.381191
10.987106
9.735403
8.377878
10.045635
9.123189
9.158058
11.561920
9.324221
10.309367
10.656098
10.121444
9.013144
8.663563
9.378856
9.281880
10.136606
10.331606
11.031810
8.496049
9.727621
9.254330
10.818275
10.029774
10.460428
9.057040
10.825187
9.748449
8.227143
8.939184
11.077774
9.709218
8.996180
9.266560
10.239932
7.751122
10.553259
10.162950
11.485558
9.683254
8.905283
10.157976
10.718829
9.621191
10.654778
11.417208
10.013059
10.351547
9.312943
7.969005
9.478631
11.518109
8.671558
8.629274
9.629073
9.231981
11.731012
9.929769
8.912204
9.510664
10.366108
9.550097
10.142521
10.380957
10.190374
10.513507
8.988460
10.501550
11.401460
8.719477
8.939475
9.762421
8.853707
11.009547
9.319398
8.907025
8.732401
11.152939
10.129328
9.338194
9.183887
8.337087
8.356843
9.230545
9.481463
9.373032
9.924665
10.119391
8.882522
10.975278
10.902727
10.216437
9.777936
10.315928
10.672148
9.815428
8.727910
10.829170
11.031039
9.414406
10.546802
8.909646
11.045229
10.298846
8.732808
8.557002
9.489055
9.512953
10.605791
10.270926
10.037627
9.242124
9.847319
10.504856
9.264892
10.034326
10.039845
9.686094
8.669320
9.271484
10.755014
9.287865
9.132359
10.611229
9.339024
9.807571
9.448908
10.192577
10.060515
9.001637
10.186893
9.646483
12.338331
9.229493
9.004524
10.829954
10.089414
8.643271
11.312986
8.779283
9.723558
10.321338
10.317501
9.598165
9.863972
9.745612
10.215955
9.083062
9.774233
9.642902
9.056137
10.905086
10.367478
11.279666
9.806091
11.211839
10.573542
10.599892
8.971987
10.437758
10.851443
10.115146
9.962216
12.049644
9.642307
10.290100
8.494447
10.423459
10.481133
8.283999
10.694595
11.172312
9.757594
10.048606
11.115651
9.100440
9.683449
11.853009
10.226540
10.610313
11.489971
10.222403
11.430814
11.751386
11.263099
9.676558
10.167558
11.772181
10.184933
9.874167
9.938120
10.006628
10.199742
9.056879
9.148808
9.421563
11.155529
9.747280
9.826102
10.984525
11.576921
9.846073
8.917284
12.332983
9.457478
9.132377
10.674785
10.650512
8.773776
8.068259
8.640049
9.960959
10.956893
8.585390
10.468719
10.998603
9.827750
8.815657
10.525427
10.308896
10.438568
11.862427
9.710390
9.784518
11.306282
8.928965
11.019633
10.147714
10.170416
10.882044
10.174583
9.937188
9.923538
9.433788
9.697408
9.285204
10.271347
10.517443
10.399562
9.421592
10.838646
10.033102
10.822600
7.163596
11.105445
10.434113
7.824338
9.023647
7.826459
8.738190
8.681535
10.923590
9.794000
11.183758
8.317754
9.423793
9.343377
9.448605
10.024139
9.415926
9.979527
11.038156
9.424482
11.684682
10.399590
9.477469
9.892625
10.098859
9.937416
9.994875
7.931470
9.254501
7.940917
8.978415
9.833017
11.442124
10.504632
12.611418
8.699016
10.324494
8.750293
9.171364
8.974321
10.587283
11.345257
10.198500
10.555198
10.952194
11.404284
9.660114
9.630644
9.777701
10.485487
10.095928
9.721128
9.635518
9.363198
11.190226
8.546758
11.841972
9.709154
11.312107
10.322215
10.547672
10.927320
10.142148
8.926649
8.933891
10.951122
9.542618
11.821548
10.279917
9.573639
8.203778
9.827847
8.792351
10.031425
10.804254
9.917074
10.308895
8.242259
8.287706
9.517626
9.235903
10.731565
9.604983
10.145632
9.756280
8.863435
9.554219
10.592613
10.205622
11.491794
9.230113
10.337050
10.783796
10.580106
9.830438
10.986140
10.360800
10.616163
7.998204
10.488055
10.295275
12.276616
11.205357
9.938646
10.399280
11.062635
10.895764
9.702602
9.967014
9.927633
10.186909
9.271277
11.026989
11.675738
10.215269
8.537946
9.529181
9.740143
9.989752
10.475228
11.031532
10.568988
9.580012
11.431274
9.022521
9.693787
9.068013
11.485087
11.156147
9.307994
9.674065
10.370678
11.424461
9.169401
11.845380
10.630423
9.048986
12.006568
8.911420
10.724057
9.410717
9.975118
10.085580
11.314461
12.876852
8.699308
8.181382
11.348918
9.989145
11.001623
9.666619
11.021500
9.850795
11.240104
9.417270
11.626123
10.133327
10.524600
9.367368
10.440835
7.846892
11.465103
9.944314
10.505535
11.502382
9.495549
10.178031
11.313838
10.931682
9.907224
10.425702
10.884314
7.501915
11.208877
11.161160
10.338967
10.026399
10.710541
9.108875
8.011946
11.241801
7.903427
8.898484
9.776150
9.641520
10.599666
9.022802
9.759256
11.080671
9.821130
9.807178
9.501836
10.251338
10.610927
11.461522
12.559071
10.184632
9.487230
9.705936
9.433398
9.049790
12.244913
10.904154
9.951318
10.241738
9.878125
8.924409
9.181049
9.941112
10.840625
9.146894
9.422874
10.497198
9.715507
11.254912
10.408488
9.397761
10.420315
11.889927
10.249167
8.289919
10.298143
9.386550
9.539100
9.717022
8.899212
9.230083
10.552132
9.752995
10.174102
11.567489
10.866546
10.564520
9.319060
11.012927
10.080411
8.989857
10.843685
9.297621
10.501662
8.324345
11.224580
10.457659
10.451361
8.882873
10.266153
8.913524
11.178378
10.063210
9.289305
9.057556
9.127837
11.659409
7.814516
11.732393
10.248225
11.198320
10.269761
8.890711
10.621347
8.514744
10.077514
8.785466
8.583535
8.111584
9.714267
10.568390
11.096571
9.477826
11.071113
8.415617
8.475041
11.735395
10.651639
9.790661
10.973729
11.020214
9.403043
9.827396
11.163234
8.684786
9.312124
9.941690
9.746746
9.892894
10.705188
8.995575
10.494290
8.247779
9.573211
10.358062
9.645430
10.326557
9.224629
12.071896
7.242057
9.018426
10.479445
11.524816
11.386884
9.569990
9.435078
10.570086
10.913578
10.789731
8.666561
9.918663
10.334442
10.229910
9.938771
9.830111
8.864463
9.653540
10.112717
10.414859
10.517368
11.674174
12.413613
8.435227
10.112497
10.998999
7.821630
11.818414
9.748137
11.288533
9.600562
8.664895
11.019660
9.667675
10.719929
9.338421
9.859012
8.297773
8.881577
12.575302
9.468027
10.903035
11.216491
11.739777
12.286244
9.791822
9.871425
10.279374
9.669973
10.749908
9.195487
10.043257
10.429990
10.301762
8.880581
10.095419
10.354224
12.029368
10.128487
10.893167
10.039575
9.969022
8.543033
10.020517
9.508483
10.394392
9.660759
11.308423
9.121350
8.640784
8.212412
8.237212
8.762858
10.070771
11.275572
10.513915
9.173001
11.588462
9.751499
11.990187
9.882403
10.473462
11.844788
11.164241
9.350451
9.376423
10.817398
9.799010
9.220696
10.649775
8.843655
9.214182
10.712692
9.297817
11.806712
9.092217
7.917410
10.569712
10.586583
9.848394
7.545590
9.238271
10.057969
10.626831
8.747671
9.648701
10.063933
12.169341
9.743843
8.891711
8.455059
9.807294
10.439997
10.302127
